 0.59892  0.79440  0.00200
 0.59892  0.79440  0.00171
 0.76777  0.95394  0.00050
 0.76777  0.95394  0.00031
 0.86928  1.05545  0.00032
 0.86928  1.05545  0.00020
 0.86928  1.05545  0.00017
 2.07336  2.19437  0.00000
 2.07336  2.19437  0.00000
 2.07336  2.19437  0.00000
 2.07336  2.19437  0.00000
 2.07336  2.46431  0.00000
 2.07336  2.46431  0.00000
 2.07336  2.46431  0.00000
 2.07336  2.46431  0.00000
 2.07336  2.76381  0.00000
 2.07336  2.76381  0.00000
 2.07336  2.76381  0.00000
 2.07336  2.76381  0.00000
 2.34750  2.45919  0.00000
 2.34750  2.45919  0.00000
 2.34750  2.45919  0.00000
 2.34750  2.45919  0.00000
 2.34750  2.71983  0.00000
 2.34750  2.71983  0.00000
 2.34750  2.71983  0.00000
 2.34750  2.71983  0.00000
 2.34750  2.98484  0.00000
 2.34750  2.98484  0.00000
 2.34750  2.98484  0.00000
 2.34750  2.98484  0.00000
 3.40719  3.50027  0.00002
 3.40719  3.50027  0.00001
 3.40719  3.50027  0.00001
 3.40719  3.50027  0.00001
 3.40719  3.72367  0.00002
 3.40719  3.72367  0.00001
 3.40719  3.72367  0.00001
 3.40719  3.72367  0.00001
 3.40719  3.96486  0.00002
 3.40719  3.96486  0.00001
 3.40719  3.96486  0.00001
 3.40719  3.96486  0.00001
 4.94524  5.01040  0.00002
 4.94524  5.01040  0.00002
 4.94524  5.01040  0.00002
 4.94524  5.01040  0.00002
 4.94524  5.20587  0.00001
 4.94524  5.20587  0.00001
 4.94524  5.20587  0.00001
 4.94524  5.20587  0.00001
 4.94524  5.42325  0.00001
 4.94524  5.42325  0.00001
 4.94524  5.42325  0.00001
 4.94524  5.42325  0.00001
 0.67811  0.89111  0.00001
 0.67811  0.89111  0.00018
 0.67811  0.89111  0.00001
 0.67811  0.89111  0.00011
 0.76777  0.97109  0.00002
 0.76777  0.97109  0.00030
 0.76777  0.97109  0.00001
 0.76777  0.97109  0.00019
 0.86928  1.06292  0.00003
 0.86928  1.06292  0.00084
 0.86928  1.06292  0.00002
 0.86928  1.06292  0.00052
 0.86928  1.06292  0.00002
 0.86928  1.06292  0.00045
 0.98422  1.16818  0.00002
 0.98422  1.16818  0.00001
 0.98422  1.16818  0.00001
 1.42851  1.60278  0.00000
 1.42851  1.58342  0.00000
 1.42851  1.58342  0.00000
 1.42851  1.60278  0.00000
 1.42851  1.89324  0.00000
 1.61739  1.76262  0.00000
 1.61739  1.76262  0.00000
 1.61739  1.76262  0.00000
 1.61739  1.76262  0.00000
 1.61739  1.76262  0.00000
 1.61739  1.76262  0.00000
 1.61739  1.76262  0.00000
 1.61739  1.76262  0.00000
 1.61739  2.08212  0.00000
 1.61739  2.08212  0.00000
 1.61739  2.08212  0.00000
 1.61739  2.08212  0.00000
 1.61739  2.08212  0.00000
 1.61739  2.08212  0.00000
 1.61739  2.08212  0.00000
 1.61739  2.08212  0.00000
 1.83123  1.97646  0.00000
 1.83123  1.97646  0.00000
 1.83123  1.97646  0.00000
 1.83123  1.97646  0.00000
 1.83123  1.97646  0.00000
 1.83123  1.97646  0.00000
 1.83123  1.97646  0.00000
 1.83123  1.97646  0.00000
 1.83123  1.97646  0.00000
 1.83123  1.97646  0.00000
 1.83123  1.97646  0.00000
 1.83123  1.97646  0.00000
 1.83123  2.27660  0.00000
 1.83123  2.25724  0.00000
 1.83123  2.25724  0.00000
 1.83123  2.27660  0.00000
 1.83123  2.25724  0.00000
 1.83123  2.25724  0.00000
 1.83123  2.27660  0.00000
 1.83123  2.25724  0.00000
 1.83123  2.25724  0.00000
 1.83123  2.27660  0.00000
 1.83123  2.25724  0.00000
 1.83123  2.25724  0.00000
 2.07336  2.20891  0.00000
 2.07336  2.20891  0.00000
 2.07336  2.20891  0.00000
 2.07336  2.20891  0.00000
 2.07336  2.20891  0.00000
 2.07336  2.20891  0.00000
 2.07336  2.20891  0.00000
 2.07336  2.20891  0.00000
 2.07336  2.48000  0.00000
 2.07336  2.48000  0.00000
 2.07336  2.48000  0.00000
 2.07336  2.48000  0.00000
 2.07336  2.48000  0.00000
 2.07336  2.48000  0.00000
 2.07336  2.48000  0.00000
 2.07336  2.48000  0.00000
 2.34750  2.46368  0.00000
 2.34750  2.46368  0.00000
 2.34750  2.46368  0.00000
 2.34750  2.46368  0.00000
 2.34750  2.73477  0.00000
 2.34750  2.73477  0.00000
 2.34750  2.73477  0.00000
 2.34750  2.73477  0.00000
 2.34750  3.01042  0.00000
 2.34750  3.01042  0.00000
 2.34750  3.01042  0.00000
 2.34750  3.01042  0.00000
 2.65788  2.76438  0.00001
 2.65788  2.76438  0.00002
 2.65788  2.76438  0.00000
 2.65788  2.76438  0.00000
 2.65788  2.76438  0.00002
 2.65788  2.76438  0.00000
 2.65788  2.76438  0.00000
 2.65788  2.76438  0.00001
 2.65788  2.76438  0.00000
 2.65788  2.76438  0.00000
 2.65788  2.76438  0.00001
 2.65788  2.76438  0.00000
 2.65788  3.00643  0.00000
 2.65788  3.00643  0.00002
 2.65788  3.00643  0.00000
 2.65788  3.00643  0.00000
 2.65788  3.00643  0.00001
 2.65788  3.00643  0.00000
 2.65788  3.00643  0.00000
 2.65788  3.00643  0.00001
 2.65788  3.00643  0.00000
 2.65788  3.00643  0.00000
 2.65788  3.00643  0.00001
 2.65788  3.00643  0.00000
 2.65788  3.32081  0.00000
 2.65788  3.32081  0.00001
 2.65788  3.32081  0.00000
 2.65788  3.32081  0.00000
 2.65788  3.32081  0.00001
 2.65788  3.32081  0.00000
 2.65788  3.32081  0.00000
 2.65788  3.32081  0.00001
 2.65788  3.32081  0.00000
 2.65788  3.32081  0.00000
 2.65788  3.32081  0.00001
 2.65788  3.32081  0.00000
 3.00930  3.11580  0.00000
 3.00930  3.11580  0.00000
 3.00930  3.11580  0.00000
 3.00930  3.11580  0.00000
 3.00930  3.33849  0.00000
 3.00930  3.33849  0.00000
 3.00930  3.33849  0.00000
 3.00930  3.33849  0.00000
 3.00930  3.61698  0.00000
 3.00930  3.61698  0.00000
 3.00930  3.61698  0.00000
 3.00930  3.61698  0.00000
 3.40719  3.50400  0.00002
 3.40719  3.50400  0.00001
 3.40719  3.50400  0.00001
 3.40719  3.50400  0.00001
 3.40719  3.73637  0.00002
 3.40719  3.73637  0.00001
 3.40719  3.73637  0.00001
 3.40719  3.73637  0.00001
 3.40719  3.98725  0.00002
 3.40719  3.98725  0.00001
 3.40719  3.98725  0.00001
 3.40719  3.98725  0.00001
 3.85768  3.95450  0.00001
 3.85768  3.95450  0.00002
 3.85768  3.95450  0.00000
 3.85768  3.95450  0.00000
 3.85768  3.95450  0.00002
 3.85768  3.95450  0.00000
 3.85768  3.95450  0.00000
 3.85768  3.95450  0.00001
 3.85768  3.95450  0.00000
 3.85768  3.95450  0.00000
 3.85768  3.95450  0.00001
 3.85768  3.95450  0.00000
 3.85768  4.16750  0.00000
 3.85768  4.16750  0.00002
 3.85768  4.16750  0.00000
 3.85768  4.16750  0.00000
 3.85768  4.16750  0.00001
 3.85768  4.16750  0.00000
 3.85768  4.16750  0.00000
 3.85768  4.16750  0.00001
 3.85768  4.16750  0.00000
 3.85768  4.16750  0.00000
 3.85768  4.16750  0.00001
 3.85768  4.16750  0.00000
 3.85768  4.41012  0.00000
 3.85768  4.41012  0.00001
 3.85768  4.41012  0.00000
 3.85768  4.41012  0.00000
 3.85768  4.41012  0.00001
 3.85768  4.41012  0.00000
 3.85768  4.41012  0.00000
 3.85768  4.41012  0.00001
 3.85768  4.41012  0.00000
 3.85768  4.41012  0.00000
 3.85768  4.41012  0.00001
 3.85768  4.41012  0.00000
 5.30198  5.80375  0.00000
 5.30198  5.80375  0.00000
 5.30198  5.80375  0.00000
 4.36774  4.46456  0.00000
 4.36774  4.46456  0.00000
 4.36774  4.46456  0.00000
 4.36774  4.71629  0.00000
 4.36774  4.71629  0.00000
 4.36774  4.71629  0.00000
 4.36774  4.86493  0.00000
 4.36774  4.86493  0.00000
 4.36774  4.86493  0.00000
 4.94524  5.02269  0.00004
 4.94524  5.02269  0.00003
 4.94524  5.02269  0.00003
 4.94524  5.02269  0.00003
 4.94524  5.21633  0.00003
 4.94524  5.21633  0.00003
 4.94524  5.21633  0.00002
 4.94524  5.21633  0.00002
 4.94524  5.44243  0.00003
 4.94524  5.44243  0.00002
 4.94524  5.44243  0.00002
 4.94524  5.44243  0.00002
 5.59909  5.67654  0.00000
 5.59909  5.67654  0.00000
 5.59909  5.67654  0.00000
 5.59909  5.67654  0.00000
 5.59909  5.83146  0.00000
 5.59909  5.83146  0.00000
 5.59909  5.83146  0.00000
 5.59909  5.83146  0.00000
 5.59909  6.04104  0.00000
 5.59909  6.04104  0.00000
 5.59909  6.04104  0.00000
 5.59909  6.04104  0.00000
 5.59909  7.08726  0.00000
 5.59909  7.08726  0.00000
 5.59909  7.08726  0.00000
 5.59909  7.08726  0.00000
 6.33940  6.40717  0.00002
 6.33940  6.40717  0.00002
 6.33940  6.40717  0.00002
 6.33940  6.40717  0.00002
 6.33940  6.55240  0.00001
 6.33940  6.55240  0.00001
 6.33940  6.55240  0.00001
 6.33940  6.55240  0.00001
 6.33940  6.72611  0.00001
 6.33940  6.72611  0.00001
 6.33940  6.72611  0.00001
 6.33940  6.72611  0.00001
 6.33940  7.65586  0.00001
 6.33940  7.65586  0.00001
 6.33940  7.65586  0.00001
 6.33940  7.65586  0.00001
 0.76777  0.97619  0.00000
 0.76777  0.97619  0.00004
 0.76777  0.97619  0.00020
 0.76777  0.97619  0.00000
 0.76777  0.97619  0.00003
 0.76777  0.97619  0.00012
 0.86928  1.07770  0.00000
 0.86928  1.07770  0.00013
 0.86928  1.07770  0.00123
 0.86928  1.07770  0.00000
 0.86928  1.07770  0.00008
 0.86928  1.07770  0.00077
 0.86928  1.07770  0.00000
 0.86928  1.07770  0.00007
 0.86928  1.07770  0.00066
 0.98422  1.17279  0.00000
 0.98422  1.17279  0.00011
 0.98422  1.17279  0.00000
 0.98422  1.17279  0.00007
 0.98422  1.17279  0.00000
 0.98422  1.17279  0.00006
 1.11435  1.30292  0.00000
 1.11435  1.30292  0.00000
 1.11435  1.30292  0.00000
 1.11435  1.30292  0.00001
 1.11435  1.30292  0.00000
 1.11435  1.30292  0.00000
 1.11435  1.30292  0.00000
 1.11435  1.30292  0.00001
 1.11435  1.30292  0.00000
 1.11435  1.30292  0.00000
 1.11435  1.30292  0.00000
 1.11435  1.30292  0.00000
 1.26169  1.43041  0.00000
 1.26169  1.43041  0.00000
 1.26169  1.43041  0.00000
 1.26169  1.43041  0.00000
 1.26169  1.43041  0.00000
 1.26169  1.43041  0.00000
 1.26169  1.43041  0.00000
 1.26169  1.43041  0.00000
 1.26169  1.43041  0.00000
 1.26169  1.43041  0.00000
 1.26169  1.43041  0.00000
 1.26169  1.43041  0.00000
 1.26169  1.43041  0.00000
 1.26169  1.43041  0.00000
 1.26169  1.43041  0.00000
 1.26169  1.43041  0.00000
 1.42851  1.60715  0.00000
 1.42851  1.60715  0.00000
 1.42851  1.60715  0.00000
 1.42851  1.60715  0.00000
 1.42851  1.60715  0.00000
 1.42851  1.60715  0.00000
 1.42851  1.60715  0.00000
 1.42851  1.60715  0.00000
 1.42851  1.60715  0.00000
 1.42851  1.60715  0.00000
 1.42851  1.60715  0.00000
 1.42851  1.60715  0.00000
 1.42851  1.60715  0.00000
 1.42851  1.60715  0.00000
 1.42851  1.60715  0.00000
 1.42851  1.60715  0.00000
 1.61739  1.77618  0.00000
 1.61739  1.77618  0.00000
 1.61739  1.77618  0.00000
 1.61739  1.76626  0.00000
 1.61739  1.76626  0.00000
 1.61739  1.76626  0.00000
 1.61739  1.76626  0.00000
 1.61739  1.76626  0.00000
 1.61739  1.76626  0.00000
 1.61739  1.77618  0.00000
 1.61739  1.77618  0.00000
 1.61739  1.77618  0.00000
 1.61739  2.11362  0.00000
 1.61739  2.11362  0.00000
 1.61739  2.11362  0.00000
 1.61739  2.11362  0.00000
 1.61739  2.11362  0.00000
 1.61739  2.11362  0.00000
 1.61739  2.11362  0.00000
 1.61739  2.11362  0.00000
 1.61739  2.11362  0.00000
 1.61739  2.11362  0.00000
 1.61739  2.11362  0.00000
 1.61739  2.11362  0.00000
 1.83123  1.98010  0.00000
 1.83123  1.98010  0.00000
 1.83123  1.98010  0.00000
 1.83123  1.98010  0.00000
 1.83123  1.98010  0.00000
 1.83123  1.98010  0.00000
 1.83123  1.98010  0.00000
 1.83123  1.98010  0.00000
 1.83123  1.98010  0.00000
 1.83123  1.98010  0.00000
 1.83123  1.98010  0.00000
 1.83123  1.98010  0.00000
 1.83123  2.28777  0.00000
 1.83123  2.28777  0.00000
 1.83123  2.28777  0.00000
 1.83123  2.28777  0.00000
 1.83123  2.28777  0.00000
 1.83123  2.28777  0.00000
 1.83123  2.28777  0.00000
 1.83123  2.28777  0.00000
 1.83123  2.28777  0.00000
 1.83123  2.28777  0.00000
 1.83123  2.28777  0.00000
 1.83123  2.28777  0.00000
 2.07336  2.21230  0.00000
 2.07336  2.21230  0.00002
 2.07336  2.21230  0.00001
 2.07336  2.21230  0.00000
 2.07336  2.21230  0.00000
 2.07336  2.21230  0.00001
 2.07336  2.21230  0.00001
 2.07336  2.21230  0.00000
 2.07336  2.21230  0.00000
 2.07336  2.21230  0.00001
 2.07336  2.21230  0.00000
 2.07336  2.21230  0.00000
 2.07336  2.21230  0.00000
 2.07336  2.21230  0.00001
 2.07336  2.21230  0.00000
 2.07336  2.21230  0.00000
 2.07336  2.49019  0.00000
 2.07336  2.49019  0.00001
 2.07336  2.49019  0.00001
 2.07336  2.49019  0.00000
 2.07336  2.49019  0.00000
 2.07336  2.49019  0.00001
 2.07336  2.49019  0.00000
 2.07336  2.49019  0.00000
 2.07336  2.49019  0.00000
 2.07336  2.49019  0.00001
 2.07336  2.49019  0.00000
 2.07336  2.49019  0.00000
 2.07336  2.49019  0.00000
 2.07336  2.49019  0.00000
 2.07336  2.49019  0.00000
 2.07336  2.49019  0.00000
 2.34750  2.47652  0.00000
 2.34750  2.47652  0.00000
 2.34750  2.47652  0.00000
 2.34750  2.47652  0.00000
 2.34750  2.47652  0.00000
 2.34750  2.47652  0.00000
 2.34750  2.47652  0.00000
 2.34750  2.47652  0.00000
 2.34750  2.47652  0.00000
 2.34750  2.47652  0.00000
 2.34750  2.47652  0.00000
 2.34750  2.47652  0.00000
 2.34750  2.74448  0.00000
 2.34750  2.74448  0.00000
 2.34750  2.74448  0.00000
 2.34750  2.74448  0.00000
 2.34750  2.74448  0.00000
 2.34750  2.74448  0.00000
 2.34750  2.74448  0.00000
 2.34750  2.74448  0.00000
 2.34750  2.74448  0.00000
 2.34750  2.74448  0.00000
 2.34750  2.74448  0.00000
 2.34750  2.74448  0.00000
 2.34750  3.11198  0.00000
 2.34750  3.11198  0.00000
 2.34750  3.11198  0.00000
 2.34750  3.11198  0.00000
 2.34750  3.11198  0.00000
 2.34750  3.11198  0.00000
 2.34750  3.11198  0.00000
 2.34750  3.11198  0.00000
 2.34750  3.11198  0.00000
 2.34750  3.11198  0.00000
 2.34750  3.11198  0.00000
 2.34750  3.11198  0.00000
 2.65788  2.77698  0.00002
 2.65788  2.77698  0.00000
 2.65788  2.77698  0.00001
 2.65788  2.77698  0.00000
 2.65788  2.77698  0.00001
 2.65788  2.77698  0.00000
 2.65788  2.77698  0.00001
 2.65788  2.77698  0.00000
 2.65788  3.01517  0.00001
 2.65788  3.01517  0.00000
 2.65788  3.01517  0.00001
 2.65788  3.01517  0.00000
 2.65788  3.01517  0.00001
 2.65788  3.01517  0.00000
 2.65788  3.01517  0.00001
 2.65788  3.01517  0.00000
 2.65788  3.33743  0.00001
 2.65788  3.33743  0.00000
 2.65788  3.33743  0.00001
 2.65788  3.33743  0.00000
 2.65788  3.33743  0.00001
 2.65788  3.33743  0.00000
 2.65788  3.33743  0.00001
 2.65788  3.33743  0.00000
 3.00930  3.11847  0.00000
 3.00930  3.11847  0.00002
 3.00930  3.11847  0.00001
 3.00930  3.11847  0.00000
 3.00930  3.11847  0.00000
 3.00930  3.11847  0.00001
 3.00930  3.11847  0.00001
 3.00930  3.11847  0.00000
 3.00930  3.11847  0.00000
 3.00930  3.11847  0.00001
 3.00930  3.11847  0.00001
 3.00930  3.11847  0.00000
 3.00930  3.11847  0.00000
 3.00930  3.11847  0.00001
 3.00930  3.11847  0.00001
 3.00930  3.11847  0.00000
 3.00930  3.36659  0.00000
 3.00930  3.36659  0.00001
 3.00930  3.36659  0.00001
 3.00930  3.36659  0.00000
 3.00930  3.36659  0.00000
 3.00930  3.36659  0.00001
 3.00930  3.36659  0.00001
 3.00930  3.36659  0.00000
 3.00930  3.36659  0.00000
 3.00930  3.36659  0.00001
 3.00930  3.36659  0.00001
 3.00930  3.36659  0.00000
 3.00930  3.36659  0.00000
 3.00930  3.36659  0.00001
 3.00930  3.36659  0.00000
 3.00930  3.36659  0.00000
 3.00930  3.63222  0.00000
 3.00930  3.63222  0.00001
 3.00930  3.63222  0.00001
 3.00930  3.63222  0.00000
 3.00930  3.63222  0.00000
 3.00930  3.63222  0.00001
 3.00930  3.63222  0.00001
 3.00930  3.63222  0.00000
 3.00930  3.63222  0.00000
 3.00930  3.63222  0.00001
 3.00930  3.63222  0.00000
 3.00930  3.63222  0.00000
 3.00930  3.63222  0.00000
 3.00930  3.63222  0.00000
 3.00930  3.63222  0.00000
 3.00930  3.63222  0.00000
 3.40719  3.50643  0.00000
 3.40719  3.50643  0.00000
 3.40719  3.50643  0.00000
 3.40719  3.50643  0.00000
 3.40719  3.50643  0.00000
 3.40719  3.50643  0.00000
 3.40719  3.50643  0.00000
 3.40719  3.50643  0.00000
 3.40719  3.50643  0.00000
 3.40719  3.50643  0.00000
 3.40719  3.50643  0.00000
 3.40719  3.50643  0.00000
 3.40719  3.76447  0.00000
 3.40719  3.76447  0.00000
 3.40719  3.76447  0.00000
 3.40719  3.76447  0.00000
 3.40719  3.76447  0.00000
 3.40719  3.76447  0.00000
 3.40719  3.76447  0.00000
 3.40719  3.76447  0.00000
 3.40719  3.76447  0.00000
 3.40719  3.76447  0.00000
 3.40719  3.76447  0.00000
 3.40719  3.76447  0.00000
 3.40719  4.03010  0.00000
 3.40719  4.03010  0.00000
 3.40719  4.03010  0.00000
 3.40719  4.03010  0.00000
 3.40719  4.03010  0.00000
 3.40719  4.03010  0.00000
 3.40719  4.03010  0.00000
 3.40719  4.03010  0.00000
 3.40719  4.03010  0.00000
 3.40719  4.03010  0.00000
 3.40719  4.03010  0.00000
 3.40719  4.03010  0.00000
 3.85768  3.95693  0.00005
 3.85768  3.95693  0.00003
 3.85768  3.95693  0.00003
 3.85768  3.95693  0.00002
 3.85768  3.95693  0.00003
 3.85768  3.95693  0.00002
 3.85768  3.95693  0.00002
 3.85768  3.95693  0.00001
 3.85768  4.17527  0.00003
 3.85768  4.17527  0.00003
 3.85768  4.17527  0.00002
 3.85768  4.17527  0.00002
 3.85768  4.17527  0.00002
 3.85768  4.17527  0.00002
 3.85768  4.17527  0.00001
 3.85768  4.17527  0.00001
 3.85768  4.42397  0.00003
 3.85768  4.42397  0.00002
 3.85768  4.42397  0.00002
 3.85768  4.42397  0.00002
 3.85768  4.42397  0.00002
 3.85768  4.42397  0.00001
 3.85768  4.42397  0.00001
 3.85768  4.42397  0.00001
 5.31592  5.85253  0.00001
 5.31592  5.85253  0.00001
 4.36774  4.46698  0.00000
 4.36774  4.46698  0.00000
 4.36774  4.46698  0.00000
 4.36774  4.46698  0.00000
 4.36774  4.46698  0.00000
 4.36774  4.46698  0.00000
 4.36774  4.72502  0.00000
 4.36774  4.72502  0.00000
 4.36774  4.72502  0.00000
 4.36774  4.72502  0.00000
 4.36774  4.72502  0.00000
 4.36774  4.72502  0.00000
 4.36774  4.90571  0.00000
 4.36774  4.90571  0.00000
 4.36774  4.90571  0.00000
 4.36774  4.90571  0.00000
 4.36774  4.90571  0.00000
 4.36774  4.90571  0.00000
 4.94524  5.02464  0.00002
 4.94524  5.02464  0.00004
 4.94524  5.02464  0.00002
 4.94524  5.02464  0.00003
 4.94524  5.02464  0.00001
 4.94524  5.02464  0.00003
 4.94524  5.02464  0.00001
 4.94524  5.02464  0.00003
 4.94524  5.22313  0.00002
 4.94524  5.22313  0.00003
 4.94524  5.22313  0.00001
 4.94524  5.22313  0.00003
 4.94524  5.22313  0.00001
 4.94524  5.22313  0.00002
 4.94524  5.22313  0.00001
 4.94524  5.22313  0.00002
 4.94524  5.45490  0.00001
 4.94524  5.45490  0.00003
 4.94524  5.45490  0.00001
 4.94524  5.45490  0.00002
 4.94524  5.45490  0.00001
 4.94524  5.45490  0.00002
 4.94524  5.45490  0.00001
 4.94524  5.45490  0.00002
 5.59909  5.67849  0.00000
 5.59909  5.67849  0.00000
 5.59909  5.67849  0.00000
 5.59909  5.67849  0.00000
 5.59909  5.85713  0.00000
 5.59909  5.85713  0.00000
 5.59909  5.85713  0.00000
 5.59909  5.85713  0.00000
 5.59909  6.05212  0.00000
 5.59909  6.05212  0.00000
 5.59909  6.05212  0.00000
 5.59909  6.05212  0.00000
 5.59909  7.12456  0.00000
 5.59909  7.12456  0.00000
 5.59909  7.12456  0.00000
 5.59909  7.12456  0.00000
 6.33940  6.40887  0.00003
 6.33940  6.40887  0.00003
 6.33940  6.40887  0.00003
 6.33940  6.40887  0.00002
 6.33940  6.57759  0.00003
 6.33940  6.57759  0.00002
 6.33940  6.57759  0.00002
 6.33940  6.57759  0.00002
 6.33940  6.76411  0.00003
 6.33940  6.76411  0.00002
 6.33940  6.76411  0.00002
 6.33940  6.76411  0.00002
 6.33940  7.68886  0.00002
 6.33940  7.68886  0.00002
 6.33940  7.68886  0.00002
 6.33940  7.68886  0.00001
 7.17758  7.24706  0.00001
 7.17758  7.24706  0.00001
 7.17758  7.24706  0.00001
 7.17758  7.24706  0.00001
 7.17758  7.39593  0.00001
 7.17758  7.39593  0.00001
 7.17758  7.39593  0.00001
 7.17758  7.39593  0.00001
 7.17758  7.57398  0.00001
 7.17758  7.57398  0.00001
 7.17758  7.57398  0.00001
 7.17758  7.57398  0.00001
 7.17758  8.46837  0.00001
 7.17758  8.46837  0.00001
 7.17758  8.46837  0.00001
 7.17758  8.46837  0.00001
 0.76777  0.99861  0.00000
 0.76777  0.99861  0.00000
 0.76777  0.99861  0.00002
 0.76777  0.99861  0.00035
 0.76777  0.98857  0.00054
 0.76777  0.99861  0.00000
 0.76777  0.99861  0.00000
 0.76777  0.99861  0.00001
 0.76777  0.99861  0.00022
 0.76777  0.98857  0.00034
 0.86928  1.08005  0.00000
 0.86928  1.08005  0.00000
 0.86928  1.08005  0.00001
 0.86928  1.08005  0.00034
 0.86928  1.08005  0.00105
 0.86928  1.08005  0.00000
 0.86928  1.08005  0.00000
 0.86928  1.08005  0.00001
 0.86928  1.08005  0.00022
 0.86928  1.08005  0.00066
 0.86928  1.08005  0.00000
 0.86928  1.08005  0.00000
 0.86928  1.08005  0.00000
 0.86928  1.08005  0.00019
 0.86928  1.08005  0.00057
 0.98422  1.19498  0.00000
 0.98422  1.19498  0.00000
 0.98422  1.17491  0.00000
 0.98422  1.17491  0.00004
 0.98422  1.17491  0.00034
 0.98422  1.19498  0.00000
 0.98422  1.19498  0.00000
 0.98422  1.17491  0.00000
 0.98422  1.17491  0.00002
 0.98422  1.17491  0.00021
 0.98422  1.19498  0.00000
 0.98422  1.19498  0.00000
 0.98422  1.17491  0.00000
 0.98422  1.17491  0.00002
 0.98422  1.17491  0.00018
 1.11435  1.30504  0.00000
 1.11435  1.30504  0.00000
 1.11435  1.30504  0.00000
 1.11435  1.30504  0.00000
 1.11435  1.30504  0.00004
 1.11435  1.30504  0.00000
 1.11435  1.30504  0.00000
 1.11435  1.30504  0.00000
 1.11435  1.30504  0.00000
 1.11435  1.30504  0.00002
 1.11435  1.30504  0.00000
 1.11435  1.30504  0.00000
 1.11435  1.30504  0.00000
 1.11435  1.30504  0.00000
 1.11435  1.30504  0.00002
 1.26169  1.44235  0.00000
 1.26169  1.44235  0.00000
 1.26169  1.44235  0.00000
 1.26169  1.44235  0.00000
 1.26169  1.44235  0.00000
 1.26169  1.44235  0.00000
 1.26169  1.44235  0.00000
 1.26169  1.44235  0.00000
 1.26169  1.44235  0.00000
 1.26169  1.44235  0.00000
 1.26169  1.44235  0.00000
 1.26169  1.44235  0.00000
 1.26169  1.44235  0.00000
 1.26169  1.44235  0.00000
 1.26169  1.44235  0.00000
 1.26169  1.44235  0.00000
 1.42851  1.60916  0.00000
 1.42851  1.60916  0.00000
 1.42851  1.60916  0.00000
 1.42851  1.60916  0.00000
 1.42851  1.60916  0.00000
 1.42851  1.60916  0.00000
 1.42851  1.60916  0.00000
 1.42851  1.60916  0.00000
 1.42851  1.60916  0.00000
 1.42851  1.60916  0.00000
 1.42851  1.60916  0.00000
 1.42851  1.60916  0.00000
 1.42851  1.60916  0.00000
 1.42851  1.60916  0.00000
 1.42851  1.60916  0.00000
 1.42851  1.60916  0.00000
 1.61739  1.77797  0.00000
 1.61739  1.77797  0.00001
 1.61739  1.77797  0.00001
 1.61739  1.77797  0.00000
 1.61739  1.77797  0.00000
 1.61739  1.77797  0.00000
 1.61739  1.77797  0.00000
 1.61739  1.77797  0.00001
 1.61739  1.77797  0.00000
 1.61739  1.77797  0.00000
 1.61739  1.77797  0.00000
 1.61739  1.77797  0.00000
 1.61739  1.77797  0.00001
 1.61739  1.77797  0.00000
 1.61739  1.77797  0.00000
 1.61739  1.77797  0.00000
 1.61739  1.77797  0.00000
 1.61739  1.77797  0.00001
 1.61739  1.77797  0.00000
 1.61739  1.77797  0.00000
 1.61739  2.11921  0.00000
 1.61739  2.11921  0.00000
 1.61739  2.11921  0.00001
 1.61739  2.11921  0.00000
 1.61739  2.11921  0.00000
 1.61739  2.11921  0.00000
 1.61739  2.11921  0.00000
 1.61739  2.11921  0.00001
 1.61739  2.11921  0.00000
 1.61739  2.11921  0.00000
 1.61739  2.11921  0.00000
 1.61739  2.11921  0.00000
 1.61739  2.11921  0.00000
 1.61739  2.11921  0.00000
 1.61739  2.11921  0.00000
 1.61739  2.11921  0.00000
 1.61739  2.11921  0.00000
 1.61739  2.11921  0.00000
 1.61739  2.11921  0.00000
 1.61739  2.11921  0.00000
 1.83123  1.98178  0.00000
 1.83123  1.98178  0.00000
 1.83123  1.98178  0.00000
 1.83123  1.98178  0.00000
 1.83123  1.98178  0.00000
 1.83123  1.98178  0.00000
 1.83123  1.98178  0.00000
 1.83123  1.98178  0.00000
 1.83123  1.98178  0.00000
 1.83123  1.98178  0.00000
 1.83123  1.98178  0.00000
 1.83123  1.98178  0.00000
 1.83123  1.98178  0.00000
 1.83123  1.98178  0.00000
 1.83123  1.98178  0.00000
 1.83123  1.98178  0.00000
 1.83123  2.31298  0.00000
 1.83123  2.31298  0.00000
 1.83123  2.29291  0.00000
 1.83123  2.29291  0.00000
 1.83123  2.31298  0.00000
 1.83123  2.31298  0.00000
 1.83123  2.29291  0.00000
 1.83123  2.29291  0.00000
 1.83123  2.31298  0.00000
 1.83123  2.31298  0.00000
 1.83123  2.29291  0.00000
 1.83123  2.29291  0.00000
 1.83123  2.31298  0.00000
 1.83123  2.31298  0.00000
 1.83123  2.29291  0.00000
 1.83123  2.29291  0.00000
 2.07336  2.21387  0.00001
 2.07336  2.21387  0.00001
 2.07336  2.21387  0.00000
 2.07336  2.21387  0.00001
 2.07336  2.21387  0.00001
 2.07336  2.21387  0.00000
 2.07336  2.21387  0.00001
 2.07336  2.21387  0.00001
 2.07336  2.21387  0.00000
 2.07336  2.21387  0.00000
 2.07336  2.21387  0.00000
 2.07336  2.21387  0.00000
 2.07336  2.59525  0.00001
 2.07336  2.59525  0.00001
 2.07336  2.51496  0.00000
 2.07336  2.59525  0.00000
 2.07336  2.59525  0.00001
 2.07336  2.51496  0.00000
 2.07336  2.59525  0.00000
 2.07336  2.59525  0.00000
 2.07336  2.51496  0.00000
 2.07336  2.59525  0.00000
 2.07336  2.59525  0.00000
 2.07336  2.51496  0.00000
 2.34750  2.47797  0.00000
 2.34750  2.47797  0.00001
 2.34750  2.47797  0.00002
 2.34750  2.47797  0.00001
 2.34750  2.47797  0.00000
 2.34750  2.47797  0.00000
 2.34750  2.47797  0.00000
 2.34750  2.47797  0.00001
 2.34750  2.47797  0.00001
 2.34750  2.47797  0.00000
 2.34750  2.47797  0.00000
 2.34750  2.47797  0.00000
 2.34750  2.47797  0.00001
 2.34750  2.47797  0.00001
 2.34750  2.47797  0.00000
 2.34750  2.47797  0.00000
 2.34750  2.47797  0.00000
 2.34750  2.47797  0.00001
 2.34750  2.47797  0.00000
 2.34750  2.47797  0.00000
 2.34750  2.74895  0.00000
 2.34750  2.74895  0.00000
 2.34750  2.74895  0.00001
 2.34750  2.74895  0.00001
 2.34750  2.74895  0.00000
 2.34750  2.74895  0.00000
 2.34750  2.74895  0.00000
 2.34750  2.74895  0.00001
 2.34750  2.74895  0.00000
 2.34750  2.74895  0.00000
 2.34750  2.74895  0.00000
 2.34750  2.74895  0.00000
 2.34750  2.74895  0.00001
 2.34750  2.74895  0.00000
 2.34750  2.74895  0.00000
 2.34750  2.74895  0.00000
 2.34750  2.74895  0.00000
 2.34750  2.74895  0.00000
 2.34750  2.74895  0.00000
 2.34750  2.74895  0.00000
 2.34750  3.12059  0.00000
 2.34750  3.12059  0.00000
 2.34750  3.12059  0.00001
 2.34750  3.12059  0.00001
 2.34750  3.12059  0.00000
 2.34750  3.12059  0.00000
 2.34750  3.12059  0.00000
 2.34750  3.12059  0.00001
 2.34750  3.12059  0.00000
 2.34750  3.12059  0.00000
 2.34750  3.12059  0.00000
 2.34750  3.12059  0.00000
 2.34750  3.12059  0.00001
 2.34750  3.12059  0.00000
 2.34750  3.12059  0.00000
 2.34750  3.12059  0.00000
 2.34750  3.12059  0.00000
 2.34750  3.12059  0.00000
 2.34750  3.12059  0.00000
 2.34750  3.12059  0.00000
 2.65788  2.77832  0.00000
 2.65788  2.77832  0.00000
 2.65788  2.77832  0.00000
 2.65788  2.77832  0.00000
 2.65788  2.77832  0.00000
 2.65788  2.77832  0.00000
 2.65788  2.77832  0.00000
 2.65788  2.77832  0.00000
 2.65788  2.77832  0.00000
 2.65788  2.77832  0.00000
 2.65788  2.77832  0.00000
 2.65788  2.77832  0.00000
 2.65788  2.77832  0.00000
 2.65788  2.77832  0.00000
 2.65788  2.77832  0.00000
 2.65788  2.77832  0.00000
 2.65788  3.03926  0.00000
 2.65788  3.03926  0.00000
 2.65788  3.03926  0.00000
 2.65788  3.03926  0.00000
 2.65788  3.03926  0.00000
 2.65788  3.03926  0.00000
 2.65788  3.03926  0.00000
 2.65788  3.03926  0.00000
 2.65788  3.03926  0.00000
 2.65788  3.03926  0.00000
 2.65788  3.03926  0.00000
 2.65788  3.03926  0.00000
 2.65788  3.03926  0.00000
 2.65788  3.03926  0.00000
 2.65788  3.03926  0.00000
 2.65788  3.03926  0.00000
 2.65788  3.40234  0.00000
 2.65788  3.40234  0.00000
 2.65788  3.40234  0.00000
 2.65788  3.40234  0.00000
 2.65788  3.40234  0.00000
 2.65788  3.40234  0.00000
 2.65788  3.40234  0.00000
 2.65788  3.40234  0.00000
 2.65788  3.40234  0.00000
 2.65788  3.40234  0.00000
 2.65788  3.40234  0.00000
 2.65788  3.40234  0.00000
 2.65788  3.40234  0.00000
 2.65788  3.40234  0.00000
 2.65788  3.40234  0.00000
 2.65788  3.40234  0.00000
 3.00930  3.11970  0.00000
 3.00930  3.11970  0.00002
 3.00930  3.11970  0.00005
 3.00930  3.11970  0.00001
 3.00930  3.11970  0.00000
 3.00930  3.11970  0.00002
 3.00930  3.11970  0.00003
 3.00930  3.11970  0.00001
 3.00930  3.11970  0.00000
 3.00930  3.11970  0.00001
 3.00930  3.11970  0.00003
 3.00930  3.11970  0.00001
 3.00930  3.11970  0.00000
 3.00930  3.11970  0.00001
 3.00930  3.11970  0.00002
 3.00930  3.11970  0.00001
 3.00930  3.37061  0.00000
 3.00930  3.35054  0.00002
 3.00930  3.35054  0.00003
 3.00930  3.35054  0.00001
 3.00930  3.37061  0.00000
 3.00930  3.35054  0.00001
 3.00930  3.35054  0.00002
 3.00930  3.35054  0.00001
 3.00930  3.37061  0.00000
 3.00930  3.35054  0.00001
 3.00930  3.35054  0.00002
 3.00930  3.35054  0.00000
 3.00930  3.37061  0.00000
 3.00930  3.35054  0.00001
 3.00930  3.35054  0.00001
 3.00930  3.35054  0.00000
 3.00930  3.63923  0.00000
 3.00930  3.63923  0.00001
 3.00930  3.63923  0.00003
 3.00930  3.63923  0.00001
 3.00930  3.63923  0.00000
 3.00930  3.63923  0.00001
 3.00930  3.63923  0.00002
 3.00930  3.63923  0.00000
 3.00930  3.63923  0.00000
 3.00930  3.63923  0.00001
 3.00930  3.63923  0.00002
 3.00930  3.63923  0.00000
 3.00930  3.63923  0.00000
 3.00930  3.63923  0.00001
 3.00930  3.63923  0.00001
 3.00930  3.63923  0.00000
 3.40719  3.50755  0.00000
 3.40719  3.50755  0.00000
 3.40719  3.50755  0.00000
 3.40719  3.50755  0.00000
 3.40719  3.50755  0.00000
 3.40719  3.50755  0.00000
 3.40719  3.50755  0.00000
 3.40719  3.50755  0.00000
 3.40719  3.50755  0.00000
 3.40719  3.50755  0.00000
 3.40719  3.50755  0.00000
 3.40719  3.50755  0.00000
 3.40719  3.76849  0.00000
 3.40719  3.76849  0.00000
 3.40719  3.72835  0.00000
 3.40719  3.76849  0.00000
 3.40719  3.76849  0.00000
 3.40719  3.72835  0.00000
 3.40719  3.76849  0.00000
 3.40719  3.76849  0.00000
 3.40719  3.72835  0.00000
 3.40719  3.76849  0.00000
 3.40719  3.76849  0.00000
 3.40719  3.72835  0.00000
 3.40719  4.03712  0.00000
 3.40719  4.03712  0.00000
 3.40719  4.03712  0.00000
 3.40719  4.03712  0.00000
 3.40719  4.03712  0.00000
 3.40719  4.03712  0.00000
 3.40719  4.03712  0.00000
 3.40719  4.03712  0.00000
 3.40719  4.03712  0.00000
 3.40719  4.03712  0.00000
 3.40719  4.03712  0.00000
 3.40719  4.03712  0.00000
 3.85768  3.94801  0.00001
 3.85768  3.94801  0.00005
 3.85768  3.94801  0.00004
 3.85768  3.94801  0.00001
 3.85768  3.94801  0.00003
 3.85768  3.94801  0.00003
 3.85768  3.94801  0.00001
 3.85768  3.94801  0.00003
 3.85768  3.94801  0.00002
 3.85768  3.94801  0.00000
 3.85768  3.94801  0.00002
 3.85768  3.94801  0.00002
 3.85768  4.17885  0.00001
 3.85768  4.17885  0.00003
 3.85768  4.17885  0.00003
 3.85768  4.17885  0.00001
 3.85768  4.17885  0.00002
 3.85768  4.17885  0.00002
 3.85768  4.17885  0.00000
 3.85768  4.17885  0.00002
 3.85768  4.17885  0.00002
 3.85768  4.17885  0.00000
 3.85768  4.17885  0.00001
 3.85768  4.17885  0.00001
 3.85768  4.43035  0.00001
 3.85768  4.43035  0.00003
 3.85768  4.43035  0.00003
 3.85768  4.43035  0.00000
 3.85768  4.43035  0.00002
 3.85768  4.43035  0.00002
 3.85768  4.43035  0.00000
 3.85768  4.43035  0.00002
 3.85768  4.43035  0.00002
 3.85768  4.43035  0.00000
 3.85768  4.43035  0.00001
 3.85768  4.43035  0.00001
 5.31468  5.87499  0.00000
 5.31468  5.87499  0.00001
 5.31468  5.87499  0.00001
 4.36774  4.46810  0.00000
 4.36774  4.46810  0.00000
 4.36774  4.46810  0.00000
 4.36774  4.46810  0.00000
 4.36774  4.46810  0.00000
 4.36774  4.46810  0.00000
 4.36774  4.72905  0.00000
 4.36774  4.72905  0.00000
 4.36774  4.72905  0.00000
 4.36774  4.72905  0.00000
 4.36774  4.72905  0.00000
 4.36774  4.72905  0.00000
 4.36774  4.91177  0.00000
 4.36774  4.91177  0.00000
 4.36774  4.91177  0.00000
 4.36774  4.91177  0.00000
 4.36774  4.91177  0.00000
 4.36774  4.91177  0.00000
 4.94524  5.02553  0.00003
 4.94524  5.02553  0.00003
 4.94524  5.02553  0.00002
 4.94524  5.02553  0.00003
 4.94524  5.02553  0.00002
 4.94524  5.02553  0.00003
 4.94524  5.02553  0.00001
 4.94524  5.02553  0.00003
 4.94524  5.22626  0.00002
 4.94524  5.22626  0.00002
 4.94524  5.22626  0.00002
 4.94524  5.22626  0.00002
 4.94524  5.22626  0.00001
 4.94524  5.22626  0.00002
 4.94524  5.22626  0.00001
 4.94524  5.22626  0.00002
 4.94524  5.46064  0.00002
 4.94524  5.46064  0.00002
 4.94524  5.46064  0.00001
 4.94524  5.46064  0.00002
 4.94524  5.46064  0.00001
 4.94524  5.46064  0.00002
 4.94524  5.46064  0.00001
 4.94524  5.46064  0.00002
 5.59909  5.67938  0.00002
 5.59909  5.67938  0.00002
 5.59909  5.67938  0.00001
 5.59909  5.67938  0.00002
 5.59909  5.67938  0.00001
 5.59909  5.67938  0.00001
 5.59909  5.67938  0.00001
 5.59909  5.67938  0.00001
 5.59909  5.88011  0.00001
 5.59909  5.88011  0.00002
 5.59909  5.88011  0.00001
 5.59909  5.88011  0.00001
 5.59909  5.88011  0.00001
 5.59909  5.88011  0.00001
 5.59909  5.88011  0.00000
 5.59909  5.88011  0.00001
 5.59909  6.05722  0.00001
 5.59909  6.05722  0.00002
 5.59909  6.05722  0.00001
 5.59909  6.05722  0.00001
 5.59909  6.05722  0.00001
 5.59909  6.05722  0.00001
 5.59909  6.05722  0.00000
 5.59909  6.05722  0.00001
 5.59909  7.26040  0.00001
 5.59909  7.26040  0.00002
 5.59909  7.26040  0.00000
 5.59909  7.26040  0.00001
 5.59909  7.26040  0.00000
 5.59909  7.26040  0.00001
 5.59909  7.26040  0.00000
 5.59909  7.26040  0.00001
 6.33940  6.40965  0.00004
 6.33940  6.40965  0.00004
 6.33940  6.40965  0.00003
 6.33940  6.40965  0.00003
 6.33940  6.58027  0.00004
 6.33940  6.58027  0.00003
 6.33940  6.58027  0.00003
 6.33940  6.58027  0.00002
 6.33940  6.76890  0.00004
 6.33940  6.76890  0.00003
 6.33940  6.76890  0.00003
 6.33940  6.76890  0.00002
 6.33940  7.70405  0.00003
 6.33940  7.70405  0.00003
 6.33940  7.70405  0.00002
 6.33940  7.70405  0.00002
 7.17758  7.24784  0.00003
 7.17758  7.24784  0.00003
 7.17758  7.24784  0.00003
 7.17758  7.24784  0.00003
 7.17758  7.39838  0.00002
 7.17758  7.39838  0.00002
 7.17758  7.39838  0.00002
 7.17758  7.39838  0.00002
 7.17758  7.57845  0.00002
 7.17758  7.57845  0.00002
 7.17758  7.57845  0.00002
 7.17758  7.57845  0.00002
 7.17758  8.48290  0.00001
 7.17758  8.48290  0.00001
 7.17758  8.48290  0.00001
 7.17758  8.48290  0.00001
 0.76777  1.00818  0.00000
 0.76777  1.00818  0.00000
 0.76777  1.00818  0.00024
 0.76777  0.99817  0.00142
 0.76777  0.99817  0.00118
 0.76777  1.00818  0.00000
 0.76777  1.00818  0.00000
 0.76777  0.99817  0.00015
 0.76777  0.99817  0.00090
 0.76777  0.99817  0.00075
 0.86928  1.08966  0.00000
 0.86928  1.08966  0.00000
 0.86928  1.08966  0.00008
 0.86928  1.08966  0.00093
 0.86928  1.07964  0.00120
 0.86928  1.08966  0.00000
 0.86928  1.08966  0.00000
 0.86928  1.08966  0.00005
 0.86928  1.08966  0.00058
 0.86928  1.07964  0.00076
 0.86928  1.08966  0.00000
 0.86928  1.08966  0.00000
 0.86928  1.08966  0.00004
 0.86928  1.08966  0.00050
 0.86928  1.07964  0.00065
 0.98422  1.20460  0.00000
 0.98422  1.20460  0.00000
 0.98422  1.19458  0.00001
 0.98422  1.19458  0.00014
 0.98422  1.19458  0.00043
 0.98422  1.20460  0.00000
 0.98422  1.20460  0.00000
 0.98422  1.19458  0.00000
 0.98422  1.19458  0.00009
 0.98422  1.19458  0.00027
 0.98422  1.20460  0.00000
 0.98422  1.20460  0.00000
 0.98422  1.19458  0.00000
 0.98422  1.19458  0.00007
 0.98422  1.19458  0.00023
 1.11435  1.32471  0.00000
 1.11435  1.32471  0.00000
 1.11435  1.32471  0.00000
 1.11435  1.32471  0.00002
 1.11435  1.32471  0.00012
 1.11435  1.32471  0.00000
 1.11435  1.32471  0.00000
 1.11435  1.32471  0.00000
 1.11435  1.32471  0.00002
 1.11435  1.30468  0.00008
 1.11435  1.32471  0.00000
 1.11435  1.32471  0.00000
 1.11435  1.32471  0.00000
 1.11435  1.30468  0.00001
 1.11435  1.30468  0.00007
 1.26169  1.44200  0.00000
 1.26169  1.44200  0.00001
 1.26169  1.44200  0.00001
 1.26169  1.44200  0.00000
 1.26169  1.44200  0.00000
 1.26169  1.44200  0.00000
 1.26169  1.44200  0.00000
 1.26169  1.44200  0.00001
 1.26169  1.44200  0.00000
 1.26169  1.44200  0.00000
 1.26169  1.44200  0.00000
 1.26169  1.44200  0.00000
 1.26169  1.44200  0.00001
 1.26169  1.44200  0.00000
 1.26169  1.44200  0.00000
 1.26169  1.44200  0.00000
 1.26169  1.44200  0.00000
 1.26169  1.44200  0.00000
 1.26169  1.44200  0.00000
 1.26169  1.44200  0.00000
 1.42851  1.60882  0.00000
 1.42851  1.60882  0.00000
 1.42851  1.60882  0.00001
 1.42851  1.60882  0.00000
 1.42851  1.60882  0.00000
 1.42851  1.60882  0.00000
 1.42851  1.60882  0.00000
 1.42851  1.60882  0.00000
 1.42851  1.60882  0.00000
 1.42851  1.60882  0.00000
 1.42851  1.60882  0.00000
 1.42851  1.60882  0.00000
 1.42851  1.60882  0.00000
 1.42851  1.60882  0.00000
 1.42851  1.60882  0.00000
 1.42851  1.60882  0.00000
 1.42851  1.60882  0.00000
 1.42851  1.60882  0.00000
 1.42851  1.60882  0.00000
 1.42851  1.60882  0.00000
 1.61739  1.77766  0.00000
 1.61739  1.77766  0.00001
 1.61739  1.77766  0.00001
 1.61739  1.77766  0.00000
 1.61739  1.77766  0.00000
 1.61739  1.77766  0.00001
 1.61739  1.77766  0.00000
 1.61739  1.77766  0.00000
 1.61739  1.77766  0.00000
 1.61739  1.77766  0.00001
 1.61739  1.77766  0.00000
 1.61739  1.77766  0.00000
 1.61739  1.77766  0.00000
 1.61739  1.77766  0.00000
 1.61739  1.77766  0.00000
 1.61739  1.77766  0.00000
 1.61739  2.11824  0.00000
 1.61739  2.11824  0.00001
 1.61739  2.11824  0.00000
 1.61739  2.11824  0.00000
 1.61739  2.11824  0.00000
 1.61739  2.11824  0.00000
 1.61739  2.11824  0.00000
 1.61739  2.11824  0.00000
 1.61739  2.11824  0.00000
 1.61739  2.11824  0.00000
 1.61739  2.11824  0.00000
 1.61739  2.11824  0.00000
 1.61739  2.11824  0.00000
 1.61739  2.11824  0.00000
 1.61739  2.11824  0.00000
 1.61739  2.11824  0.00000
 1.83123  1.98149  0.00000
 1.83123  1.98149  0.00001
 1.83123  1.98149  0.00001
 1.83123  1.98149  0.00001
 1.83123  1.98149  0.00000
 1.83123  1.98149  0.00000
 1.83123  1.98149  0.00001
 1.83123  1.98149  0.00001
 1.83123  1.98149  0.00000
 1.83123  1.98149  0.00000
 1.83123  1.98149  0.00000
 1.83123  1.98149  0.00001
 1.83123  1.98149  0.00001
 1.83123  1.98149  0.00000
 1.83123  1.98149  0.00000
 1.83123  1.98149  0.00000
 1.83123  1.98149  0.00000
 1.83123  1.98149  0.00001
 1.83123  1.98149  0.00000
 1.83123  1.98149  0.00000
 1.83123  2.31206  0.00000
 1.83123  2.31206  0.00001
 1.83123  2.31206  0.00001
 1.83123  2.31206  0.00000
 1.83123  2.29202  0.00000
 1.83123  2.31206  0.00000
 1.83123  2.31206  0.00000
 1.83123  2.31206  0.00001
 1.83123  2.31206  0.00000
 1.83123  2.29202  0.00000
 1.83123  2.31206  0.00000
 1.83123  2.31206  0.00000
 1.83123  2.31206  0.00001
 1.83123  2.31206  0.00000
 1.83123  2.29202  0.00000
 1.83123  2.31206  0.00000
 1.83123  2.31206  0.00000
 1.83123  2.31206  0.00000
 1.83123  2.31206  0.00000
 1.83123  2.29202  0.00000
 2.07336  2.21360  0.00000
 2.07336  2.21360  0.00000
 2.07336  2.21360  0.00001
 2.07336  2.21360  0.00000
 2.07336  2.21360  0.00000
 2.07336  2.21360  0.00000
 2.07336  2.21360  0.00000
 2.07336  2.21360  0.00000
 2.07336  2.21360  0.00000
 2.07336  2.21360  0.00000
 2.07336  2.21360  0.00000
 2.07336  2.21360  0.00000
 2.07336  2.21360  0.00000
 2.07336  2.21360  0.00000
 2.07336  2.21360  0.00000
 2.07336  2.21360  0.00000
 2.07336  2.21360  0.00000
 2.07336  2.21360  0.00000
 2.07336  2.21360  0.00000
 2.07336  2.21360  0.00000
 2.07336  2.59425  0.00000
 2.07336  2.59425  0.00000
 2.07336  2.59425  0.00000
 2.07336  2.59425  0.00000
 2.07336  2.51411  0.00000
 2.07336  2.59425  0.00000
 2.07336  2.59425  0.00000
 2.07336  2.59425  0.00000
 2.07336  2.59425  0.00000
 2.07336  2.51411  0.00000
 2.07336  2.59425  0.00000
 2.07336  2.59425  0.00000
 2.07336  2.59425  0.00000
 2.07336  2.59425  0.00000
 2.07336  2.51411  0.00000
 2.07336  2.59425  0.00000
 2.07336  2.59425  0.00000
 2.07336  2.59425  0.00000
 2.07336  2.59425  0.00000
 2.07336  2.51411  0.00000
 2.34750  2.47772  0.00000
 2.34750  2.47772  0.00001
 2.34750  2.47772  0.00003
 2.34750  2.47772  0.00003
 2.34750  2.47772  0.00000
 2.34750  2.47772  0.00000
 2.34750  2.47772  0.00000
 2.34750  2.47772  0.00002
 2.34750  2.47772  0.00002
 2.34750  2.47772  0.00000
 2.34750  2.47772  0.00000
 2.34750  2.47772  0.00000
 2.34750  2.47772  0.00002
 2.34750  2.47772  0.00002
 2.34750  2.47772  0.00000
 2.34750  2.47772  0.00000
 2.34750  2.47772  0.00000
 2.34750  2.47772  0.00001
 2.34750  2.47772  0.00001
 2.34750  2.47772  0.00000
 2.34750  2.74818  0.00000
 2.34750  2.74818  0.00000
 2.34750  2.74818  0.00002
 2.34750  2.74818  0.00002
 2.34750  2.74818  0.00000
 2.34750  2.74818  0.00000
 2.34750  2.74818  0.00000
 2.34750  2.74818  0.00001
 2.34750  2.74818  0.00001
 2.34750  2.74818  0.00000
 2.34750  2.74818  0.00000
 2.34750  2.74818  0.00000
 2.34750  2.74818  0.00001
 2.34750  2.74818  0.00001
 2.34750  2.74818  0.00000
 2.34750  2.74818  0.00000
 2.34750  2.74818  0.00000
 2.34750  2.74818  0.00001
 2.34750  2.74818  0.00001
 2.34750  2.74818  0.00000
 2.34750  3.09053  0.00000
 2.34750  3.09053  0.00000
 2.34750  3.09053  0.00000
 2.34750  3.09053  0.00000
 2.65788  2.77809  0.00000
 2.65788  2.77809  0.00001
 2.65788  2.77809  0.00001
 2.65788  2.77809  0.00000
 2.65788  2.77809  0.00000
 2.65788  2.77809  0.00000
 2.65788  2.77809  0.00001
 2.65788  2.77809  0.00000
 2.65788  2.77809  0.00000
 2.65788  2.77809  0.00000
 2.65788  2.77809  0.00001
 2.65788  2.77809  0.00000
 2.65788  2.77809  0.00000
 2.65788  2.77809  0.00000
 2.65788  2.77809  0.00000
 2.65788  2.77809  0.00000
 2.65788  3.03853  0.00000
 2.65788  3.03853  0.00000
 2.65788  3.03853  0.00001
 2.65788  3.03853  0.00000
 2.65788  3.03853  0.00000
 2.65788  3.03853  0.00000
 2.65788  3.03853  0.00000
 2.65788  3.03853  0.00000
 2.65788  3.03853  0.00000
 2.65788  3.03853  0.00000
 2.65788  3.03853  0.00000
 2.65788  3.03853  0.00000
 2.65788  3.03853  0.00000
 2.65788  3.03853  0.00000
 2.65788  3.03853  0.00000
 2.65788  3.03853  0.00000
 2.65788  3.40092  0.00000
 2.65788  3.40092  0.00000
 2.65788  3.40092  0.00000
 2.65788  3.31518  0.00000
 2.65788  3.40092  0.00000
 2.65788  3.40092  0.00000
 2.65788  3.40092  0.00000
 2.65788  3.31518  0.00000
 2.65788  3.40092  0.00000
 2.65788  3.40092  0.00000
 2.65788  3.40092  0.00000
 2.65788  3.31518  0.00000
 2.65788  3.40092  0.00000
 2.65788  3.40092  0.00000
 2.65788  3.40092  0.00000
 2.65788  3.31518  0.00000
 3.00930  3.11949  0.00000
 3.00930  3.11949  0.00003
 3.00930  3.11949  0.00006
 3.00930  3.11949  0.00002
 3.00930  3.11949  0.00000
 3.00930  3.11949  0.00002
 3.00930  3.11949  0.00004
 3.00930  3.11949  0.00001
 3.00930  3.11949  0.00000
 3.00930  3.11949  0.00002
 3.00930  3.11949  0.00003
 3.00930  3.11949  0.00001
 3.00930  3.11949  0.00000
 3.00930  3.11949  0.00001
 3.00930  3.11949  0.00002
 3.00930  3.11949  0.00001
 3.00930  3.34988  0.00000
 3.00930  3.34988  0.00002
 3.00930  3.34988  0.00004
 3.00930  3.34988  0.00001
 3.00930  3.34988  0.00000
 3.00930  3.34988  0.00001
 3.00930  3.34988  0.00002
 3.00930  3.34988  0.00001
 3.00930  3.34988  0.00000
 3.00930  3.34988  0.00001
 3.00930  3.34988  0.00002
 3.00930  3.34988  0.00001
 3.00930  3.34988  0.00000
 3.00930  3.34988  0.00001
 3.00930  3.34988  0.00002
 3.00930  3.34988  0.00001
 3.00930  3.63803  0.00000
 3.00930  3.63803  0.00002
 3.00930  3.63803  0.00003
 3.00930  3.63803  0.00001
 3.00930  3.63803  0.00000
 3.00930  3.63803  0.00001
 3.00930  3.63803  0.00002
 3.00930  3.63803  0.00001
 3.00930  3.63803  0.00000
 3.00930  3.63803  0.00001
 3.00930  3.63803  0.00002
 3.00930  3.63803  0.00001
 3.00930  3.63803  0.00000
 3.00930  3.63803  0.00001
 3.00930  3.63803  0.00001
 3.00930  3.63803  0.00001
 3.40719  3.50736  0.00000
 3.40719  3.50736  0.00000
 3.40719  3.50736  0.00000
 3.40719  3.50736  0.00000
 3.40719  3.50736  0.00000
 3.40719  3.50736  0.00000
 3.40719  3.50736  0.00000
 3.40719  3.50736  0.00000
 3.40719  3.50736  0.00000
 3.40719  3.50736  0.00000
 3.40719  3.50736  0.00000
 3.40719  3.50736  0.00000
 3.40719  3.72773  0.00000
 3.40719  3.72773  0.00000
 3.40719  3.72773  0.00000
 3.40719  3.72773  0.00000
 3.40719  3.72773  0.00000
 3.40719  3.72773  0.00000
 3.40719  3.72773  0.00000
 3.40719  3.72773  0.00000
 3.40719  3.72773  0.00000
 3.40719  3.72773  0.00000
 3.40719  3.72773  0.00000
 3.40719  3.72773  0.00000
 3.40719  4.03591  0.00000
 3.40719  4.03591  0.00000
 3.40719  3.97875  0.00000
 3.40719  4.03591  0.00000
 3.40719  4.03591  0.00000
 3.40719  3.97875  0.00000
 3.40719  4.03591  0.00000
 3.40719  4.03591  0.00000
 3.40719  3.97875  0.00000
 3.40719  4.03591  0.00000
 3.40719  4.03591  0.00000
 3.40719  3.97875  0.00000
 3.85768  3.94784  0.00001
 3.85768  3.94784  0.00005
 3.85768  3.94784  0.00002
 3.85768  3.94784  0.00001
 3.85768  3.94784  0.00003
 3.85768  3.94784  0.00001
 3.85768  3.94784  0.00001
 3.85768  3.94784  0.00003
 3.85768  3.94784  0.00001
 3.85768  3.94784  0.00001
 3.85768  3.94784  0.00002
 3.85768  3.94784  0.00001
 3.85768  4.15820  0.00001
 3.85768  4.15820  0.00003
 3.85768  4.15820  0.00001
 3.85768  4.15820  0.00001
 3.85768  4.15820  0.00002
 3.85768  4.15820  0.00001
 3.85768  4.15820  0.00001
 3.85768  4.15820  0.00002
 3.85768  4.15820  0.00001
 3.85768  4.15820  0.00000
 3.85768  4.15820  0.00001
 3.85768  4.15820  0.00001
 3.85768  4.45783  0.00001
 3.85768  4.45783  0.00003
 3.85768  4.37209  0.00001
 3.85768  4.45783  0.00001
 3.85768  4.45783  0.00002
 3.85768  4.37209  0.00001
 3.85768  4.45783  0.00001
 3.85768  4.45783  0.00002
 3.85768  4.37209  0.00001
 3.85768  4.45783  0.00000
 3.85768  4.45783  0.00001
 3.85768  4.37209  0.00000
 5.29826  5.87113  0.00000
 5.29826  5.87113  0.00001
 5.29826  5.87113  0.00000
 4.36774  4.46791  0.00001
 4.36774  4.46791  0.00002
 4.36774  4.46791  0.00003
 4.36774  4.46791  0.00000
 4.36774  4.46791  0.00001
 4.36774  4.46791  0.00002
 4.36774  4.46791  0.00000
 4.36774  4.46791  0.00001
 4.36774  4.46791  0.00002
 4.36774  4.72836  0.00000
 4.36774  4.72836  0.00002
 4.36774  4.72836  0.00003
 4.36774  4.72836  0.00000
 4.36774  4.72836  0.00001
 4.36774  4.72836  0.00002
 4.36774  4.72836  0.00000
 4.36774  4.72836  0.00001
 4.36774  4.72836  0.00002
 4.36774  4.88215  0.00000
 4.36774  4.91073  0.00001
 4.36774  4.91073  0.00003
 4.36774  4.88215  0.00000
 4.36774  4.91073  0.00001
 4.36774  4.91073  0.00002
 4.36774  4.88215  0.00000
 4.36774  4.91073  0.00001
 4.36774  4.91073  0.00002
 4.94524  5.02538  0.00000
 4.94524  5.02538  0.00004
 4.94524  5.02538  0.00005
 4.94524  5.02538  0.00000
 4.94524  5.02538  0.00003
 4.94524  5.02538  0.00004
 4.94524  5.02538  0.00000
 4.94524  5.02538  0.00003
 4.94524  5.02538  0.00004
 4.94524  5.02538  0.00000
 4.94524  5.02538  0.00002
 4.94524  5.02538  0.00003
 4.94524  5.22572  0.00000
 4.94524  5.22572  0.00003
 4.94524  5.22572  0.00003
 4.94524  5.22572  0.00000
 4.94524  5.22572  0.00002
 4.94524  5.22572  0.00003
 4.94524  5.22572  0.00000
 4.94524  5.22572  0.00002
 4.94524  5.22572  0.00002
 4.94524  5.22572  0.00000
 4.94524  5.22572  0.00001
 4.94524  5.22572  0.00002
 4.94524  5.57396  0.00000
 4.94524  5.57396  0.00003
 4.94524  5.57396  0.00003
 4.94524  5.57396  0.00000
 4.94524  5.57396  0.00002
 4.94524  5.57396  0.00002
 4.94524  5.57396  0.00000
 4.94524  5.57396  0.00002
 4.94524  5.57396  0.00002
 4.94524  5.57396  0.00000
 4.94524  5.57396  0.00001
 4.94524  5.57396  0.00002
 4.94524  6.54416  0.00000
 4.94524  6.48494  0.00002
 4.94524  6.48494  0.00002
 4.94524  6.48494  0.00000
 4.94524  6.48494  0.00001
 4.94524  6.48494  0.00002
 4.94524  6.48494  0.00000
 4.94524  6.48494  0.00001
 4.94524  6.48494  0.00002
 4.94524  6.48494  0.00000
 4.94524  6.48494  0.00001
 4.94524  6.48494  0.00001
 5.59909  5.67923  0.00002
 5.59909  5.67923  0.00002
 5.59909  5.67923  0.00002
 5.59909  5.67923  0.00001
 5.59909  5.67923  0.00001
 5.59909  5.67923  0.00001
 5.59909  5.67923  0.00001
 5.59909  5.67923  0.00001
 5.59909  5.87957  0.00002
 5.59909  5.87957  0.00001
 5.59909  5.87957  0.00001
 5.59909  5.87957  0.00001
 5.59909  5.87957  0.00001
 5.59909  5.87957  0.00001
 5.59909  5.87957  0.00001
 5.59909  5.87957  0.00001
 5.59909  6.05634  0.00001
 5.59909  6.05634  0.00001
 5.59909  6.05634  0.00001
 5.59909  6.05634  0.00001
 5.59909  6.05634  0.00001
 5.59909  6.05634  0.00001
 5.59909  6.05634  0.00001
 5.59909  6.05634  0.00001
 5.59909  7.25723  0.00001
 5.59909  7.25723  0.00001
 5.59909  7.25723  0.00001
 5.59909  7.25723  0.00001
 5.59909  7.25723  0.00001
 5.59909  7.25723  0.00001
 5.59909  7.25723  0.00000
 5.59909  7.25723  0.00000
 6.33940  6.40952  0.00002
 6.33940  6.40952  0.00001
 6.33940  6.40952  0.00001
 6.33940  6.40952  0.00001
 6.33940  6.57981  0.00002
 6.33940  6.57981  0.00001
 6.33940  6.57981  0.00001
 6.33940  6.57981  0.00001
 6.33940  6.76807  0.00002
 6.33940  6.76807  0.00001
 6.33940  6.76807  0.00001
 6.33940  6.76807  0.00001
 6.33940  7.76066  0.00002
 6.33940  7.76066  0.00001
 6.33940  7.76066  0.00001
 6.33940  7.76066  0.00001
 7.17758  7.23769  0.00007
 7.17758  7.23769  0.00006
 7.17758  7.23769  0.00005
 7.17758  7.23769  0.00005
 7.17758  7.39796  0.00006
 7.17758  7.39796  0.00005
 7.17758  7.39796  0.00004
 7.17758  7.39796  0.00004
 7.17758  7.57768  0.00006
 7.17758  7.57768  0.00004
 7.17758  7.57768  0.00004
 7.17758  7.57768  0.00004
 7.17758  8.48040  0.00005
 7.17758  8.48040  0.00004
 7.17758  8.48040  0.00004
 7.17758  8.48040  0.00003
 8.12660  8.18670  0.00002
 8.12660  8.18670  0.00002
 8.12660  8.18670  0.00002
 8.12660  8.18670  0.00002
 8.12660  8.32694  0.00002
 8.12660  8.32694  0.00002
 8.12660  8.32694  0.00002
 8.12660  8.32694  0.00002
 8.12660  8.46954  0.00001
 8.12660  8.46954  0.00001
 8.12660  8.46954  0.00001
 8.12660  8.46954  0.00001
 8.12660  9.19254  0.00001
 8.12660  9.19254  0.00001
 8.12660  9.19254  0.00001
 8.12660  9.19254  0.00001
 1.37058  1.78570  0.00000
 0.76777  1.00458  0.00083
 0.76777  1.00458  0.00255
 0.76777  1.00458  0.00125
 0.76777  1.00458  0.00053
 0.76777  1.00458  0.00164
 0.76777  1.00458  0.00080
 0.86928  1.10609  0.00000
 0.86928  1.10609  0.00001
 0.86928  1.08636  0.00027
 0.86928  1.08636  0.00137
 0.86928  1.08636  0.00128
 0.86928  1.10609  0.00000
 0.86928  1.10609  0.00000
 0.86928  1.08636  0.00017
 0.86928  1.08636  0.00087
 0.86928  1.08636  0.00081
 0.86928  1.10609  0.00000
 0.86928  1.10609  0.00000
 0.86928  1.08636  0.00015
 0.86928  1.08636  0.00075
 0.86928  1.08636  0.00070
 0.98422  1.20129  0.00000
 0.98422  1.20129  0.00001
 0.98422  1.20129  0.00006
 0.98422  1.19143  0.00042
 0.98422  1.19143  0.00061
 0.98422  1.20129  0.00000
 0.98422  1.20129  0.00000
 0.98422  1.20129  0.00004
 0.98422  1.19143  0.00026
 0.98422  1.19143  0.00038
 0.98422  1.20129  0.00000
 0.98422  1.20129  0.00000
 0.98422  1.20129  0.00003
 0.98422  1.19143  0.00023
 0.98422  1.19143  0.00033
 1.11435  1.32156  0.00000
 1.11435  1.32156  0.00000
 1.11435  1.32156  0.00001
 1.11435  1.32156  0.00004
 1.11435  1.30182  0.00008
 1.11435  1.32156  0.00000
 1.11435  1.32156  0.00000
 1.11435  1.32156  0.00000
 1.11435  1.32156  0.00003
 1.11435  1.30182  0.00005
 1.11435  1.32156  0.00000
 1.11435  1.32156  0.00000
 1.11435  1.32156  0.00000
 1.11435  1.32156  0.00002
 1.11435  1.30182  0.00004
 1.26169  1.43930  0.00000
 1.26169  1.43930  0.00000
 1.26169  1.43930  0.00001
 1.26169  1.43930  0.00000
 1.26169  1.43930  0.00000
 1.26169  1.43930  0.00000
 1.26169  1.43930  0.00000
 1.26169  1.43930  0.00001
 1.26169  1.43930  0.00000
 1.26169  1.43930  0.00000
 1.26169  1.43930  0.00000
 1.26169  1.43930  0.00000
 1.26169  1.43930  0.00001
 1.26169  1.43930  0.00000
 1.26169  1.43930  0.00000
 1.26169  1.43930  0.00000
 1.26169  1.43930  0.00000
 1.26169  1.43930  0.00000
 1.26169  1.43930  0.00000
 1.26169  1.43930  0.00000
 1.42851  1.60612  0.00000
 1.42851  1.60612  0.00001
 1.42851  1.60612  0.00001
 1.42851  1.60612  0.00000
 1.42851  1.60612  0.00000
 1.42851  1.60612  0.00000
 1.42851  1.60612  0.00001
 1.42851  1.60612  0.00001
 1.42851  1.60612  0.00000
 1.42851  1.60612  0.00000
 1.42851  1.60612  0.00000
 1.42851  1.60612  0.00001
 1.42851  1.60612  0.00001
 1.42851  1.60612  0.00000
 1.42851  1.60612  0.00000
 1.42851  1.60612  0.00000
 1.42851  1.60612  0.00000
 1.42851  1.60612  0.00001
 1.42851  1.60612  0.00000
 1.42851  1.60612  0.00000
 1.61739  1.77526  0.00000
 1.61739  1.77526  0.00000
 1.61739  1.77526  0.00001
 1.61739  1.77526  0.00000
 1.61739  1.77526  0.00000
 1.61739  1.77526  0.00000
 1.61739  1.77526  0.00000
 1.61739  1.77526  0.00000
 1.61739  1.77526  0.00000
 1.61739  1.77526  0.00000
 1.61739  1.77526  0.00000
 1.61739  1.77526  0.00000
 1.61739  1.77526  0.00000
 1.61739  1.77526  0.00000
 1.61739  1.77526  0.00000
 1.61739  1.77526  0.00000
 1.61739  1.77526  0.00000
 1.61739  1.77526  0.00000
 1.61739  1.77526  0.00000
 1.61739  1.77526  0.00000
 1.61739  2.11074  0.00000
 1.61739  2.11074  0.00000
 1.61739  2.11074  0.00000
 1.61739  2.11074  0.00000
 1.61739  2.11074  0.00000
 1.61739  2.11074  0.00000
 1.61739  2.11074  0.00000
 1.61739  2.11074  0.00000
 1.61739  2.11074  0.00000
 1.61739  2.11074  0.00000
 1.61739  2.11074  0.00000
 1.61739  2.11074  0.00000
 1.61739  2.11074  0.00000
 1.61739  2.11074  0.00000
 1.61739  2.11074  0.00000
 1.61739  2.11074  0.00000
 1.61739  2.11074  0.00000
 1.61739  2.11074  0.00000
 1.61739  2.11074  0.00000
 1.61739  2.11074  0.00000
 1.83123  1.97924  0.00000
 1.83123  1.97924  0.00001
 1.83123  1.97924  0.00003
 1.83123  1.97924  0.00002
 1.83123  1.97924  0.00000
 1.83123  1.97924  0.00000
 1.83123  1.97924  0.00001
 1.83123  1.97924  0.00002
 1.83123  1.97924  0.00001
 1.83123  1.97924  0.00000
 1.83123  1.97924  0.00000
 1.83123  1.97924  0.00001
 1.83123  1.97924  0.00002
 1.83123  1.97924  0.00001
 1.83123  1.97924  0.00000
 1.83123  1.97924  0.00000
 1.83123  1.97924  0.00000
 1.83123  1.97924  0.00001
 1.83123  1.97924  0.00001
 1.83123  1.97924  0.00000
 1.83123  2.30485  0.00000
 1.83123  2.30485  0.00001
 1.83123  2.30485  0.00002
 1.83123  2.30485  0.00001
 1.83123  2.28512  0.00000
 1.83123  2.30485  0.00000
 1.83123  2.30485  0.00000
 1.83123  2.30485  0.00001
 1.83123  2.30485  0.00001
 1.83123  2.28512  0.00000
 1.83123  2.30485  0.00000
 1.83123  2.30485  0.00000
 1.83123  2.30485  0.00001
 1.83123  2.30485  0.00001
 1.83123  2.28512  0.00000
 1.83123  2.30485  0.00000
 1.83123  2.30485  0.00000
 1.83123  2.30485  0.00001
 1.83123  2.30485  0.00000
 1.83123  2.28512  0.00000
 2.07336  2.21150  0.00000
 2.07336  2.21150  0.00000
 2.07336  2.21150  0.00001
 2.07336  2.21150  0.00001
 2.07336  2.21150  0.00000
 2.07336  2.21150  0.00000
 2.07336  2.21150  0.00000
 2.07336  2.21150  0.00001
 2.07336  2.21150  0.00001
 2.07336  2.21150  0.00000
 2.07336  2.21150  0.00000
 2.07336  2.21150  0.00000
 2.07336  2.21150  0.00001
 2.07336  2.21150  0.00001
 2.07336  2.21150  0.00000
 2.07336  2.21150  0.00000
 2.07336  2.21150  0.00000
 2.07336  2.21150  0.00001
 2.07336  2.21150  0.00000
 2.07336  2.21150  0.00000
 2.07336  2.58644  0.00000
 2.07336  2.58644  0.00000
 2.07336  2.50751  0.00001
 2.07336  2.50751  0.00001
 2.07336  2.50751  0.00000
 2.07336  2.58644  0.00000
 2.07336  2.58644  0.00000
 2.07336  2.50751  0.00001
 2.07336  2.50751  0.00000
 2.07336  2.50751  0.00000
 2.07336  2.58644  0.00000
 2.07336  2.58644  0.00000
 2.07336  2.50751  0.00000
 2.07336  2.50751  0.00000
 2.07336  2.50751  0.00000
 2.07336  2.58644  0.00000
 2.07336  2.58644  0.00000
 2.07336  2.50751  0.00000
 2.07336  2.50751  0.00000
 2.07336  2.50751  0.00000
 2.34750  2.47577  0.00000
 2.34750  2.47577  0.00001
 2.34750  2.47577  0.00004
 2.34750  2.47577  0.00005
 2.34750  2.47577  0.00001
 2.34750  2.47577  0.00000
 2.34750  2.47577  0.00001
 2.34750  2.47577  0.00003
 2.34750  2.47577  0.00003
 2.34750  2.47577  0.00001
 2.34750  2.47577  0.00000
 2.34750  2.47577  0.00000
 2.34750  2.47577  0.00003
 2.34750  2.47577  0.00003
 2.34750  2.47577  0.00001
 2.34750  2.47577  0.00000
 2.34750  2.47577  0.00000
 2.34750  2.47577  0.00002
 2.34750  2.47577  0.00002
 2.34750  2.47577  0.00000
 2.34750  2.74218  0.00000
 2.34750  2.74218  0.00001
 2.34750  2.74218  0.00003
 2.34750  2.74218  0.00003
 2.34750  2.74218  0.00001
 2.34750  2.74218  0.00000
 2.34750  2.74218  0.00000
 2.34750  2.74218  0.00002
 2.34750  2.74218  0.00002
 2.34750  2.74218  0.00000
 2.34750  2.74218  0.00000
 2.34750  2.74218  0.00000
 2.34750  2.74218  0.00002
 2.34750  2.74218  0.00002
 2.34750  2.74218  0.00000
 2.34750  2.74218  0.00000
 2.34750  2.74218  0.00000
 2.34750  2.74218  0.00001
 2.34750  2.74218  0.00001
 2.34750  2.74218  0.00000
 2.34750  3.10755  0.00000
 2.34750  3.10755  0.00000
 2.34750  3.07940  0.00003
 2.34750  3.07940  0.00003
 2.34750  3.07940  0.00001
 2.34750  3.10755  0.00000
 2.34750  3.10755  0.00000
 2.34750  3.07940  0.00002
 2.34750  3.07940  0.00002
 2.34750  3.07940  0.00000
 2.34750  3.10755  0.00000
 2.34750  3.10755  0.00000
 2.34750  3.07940  0.00002
 2.34750  3.07940  0.00002
 2.34750  3.07940  0.00000
 2.34750  3.10755  0.00000
 2.34750  3.10755  0.00000
 2.34750  3.07940  0.00001
 2.34750  3.07940  0.00001
 2.34750  3.07940  0.00000
 2.65788  2.77628  0.00000
 2.65788  2.77628  0.00000
 2.65788  2.77628  0.00000
 2.65788  2.77628  0.00000
 2.65788  2.77628  0.00000
 2.65788  2.77628  0.00000
 2.65788  2.77628  0.00000
 2.65788  2.77628  0.00000
 2.65788  2.77628  0.00000
 2.65788  2.77628  0.00000
 2.65788  2.77628  0.00000
 2.65788  2.77628  0.00000
 2.65788  2.77628  0.00000
 2.65788  2.77628  0.00000
 2.65788  2.77628  0.00000
 2.65788  2.77628  0.00000
 2.65788  3.03283  0.00000
 2.65788  3.03283  0.00000
 2.65788  3.03283  0.00000
 2.65788  3.03283  0.00000
 2.65788  3.03283  0.00000
 2.65788  3.03283  0.00000
 2.65788  3.03283  0.00000
 2.65788  3.03283  0.00000
 2.65788  3.03283  0.00000
 2.65788  3.03283  0.00000
 2.65788  3.03283  0.00000
 2.65788  3.03283  0.00000
 2.65788  3.03283  0.00000
 2.65788  3.03283  0.00000
 2.65788  3.03283  0.00000
 2.65788  3.03283  0.00000
 2.65788  3.30533  0.00000
 2.65788  3.30533  0.00000
 2.65788  3.30533  0.00000
 2.65788  3.30533  0.00000
 2.65788  3.30533  0.00000
 2.65788  3.30533  0.00000
 2.65788  3.30533  0.00000
 2.65788  3.30533  0.00000
 2.65788  3.30533  0.00000
 2.65788  3.30533  0.00000
 2.65788  3.30533  0.00000
 2.65788  3.30533  0.00000
 2.65788  3.30533  0.00000
 2.65788  3.30533  0.00000
 2.65788  3.30533  0.00000
 2.65788  3.30533  0.00000
 3.00930  3.11784  0.00000
 3.00930  3.11784  0.00003
 3.00930  3.11784  0.00004
 3.00930  3.11784  0.00001
 3.00930  3.11784  0.00000
 3.00930  3.11784  0.00002
 3.00930  3.11784  0.00002
 3.00930  3.11784  0.00001
 3.00930  3.11784  0.00000
 3.00930  3.11784  0.00002
 3.00930  3.11784  0.00002
 3.00930  3.11784  0.00001
 3.00930  3.11784  0.00000
 3.00930  3.11784  0.00001
 3.00930  3.11784  0.00002
 3.00930  3.11784  0.00000
 3.00930  3.34478  0.00000
 3.00930  3.34478  0.00002
 3.00930  3.34478  0.00002
 3.00930  3.34478  0.00001
 3.00930  3.34478  0.00000
 3.00930  3.34478  0.00001
 3.00930  3.34478  0.00002
 3.00930  3.34478  0.00000
 3.00930  3.34478  0.00000
 3.00930  3.34478  0.00001
 3.00930  3.34478  0.00001
 3.00930  3.34478  0.00000
 3.00930  3.34478  0.00000
 3.00930  3.34478  0.00001
 3.00930  3.34478  0.00001
 3.00930  3.34478  0.00000
 3.00930  3.60045  0.00000
 3.00930  3.60045  0.00002
 3.00930  3.60045  0.00002
 3.00930  3.60045  0.00001
 3.00930  3.60045  0.00000
 3.00930  3.60045  0.00001
 3.00930  3.60045  0.00001
 3.00930  3.60045  0.00000
 3.00930  3.60045  0.00000
 3.00930  3.60045  0.00001
 3.00930  3.60045  0.00001
 3.00930  3.60045  0.00000
 3.00930  3.60045  0.00000
 3.00930  3.60045  0.00001
 3.00930  3.60045  0.00001
 3.00930  3.60045  0.00000
 3.40719  3.50586  0.00000
 3.40719  3.50586  0.00001
 3.40719  3.50586  0.00003
 3.40719  3.50586  0.00002
 3.40719  3.50586  0.00000
 3.40719  3.50586  0.00001
 3.40719  3.50586  0.00002
 3.40719  3.50586  0.00001
 3.40719  3.50586  0.00000
 3.40719  3.50586  0.00001
 3.40719  3.50586  0.00002
 3.40719  3.50586  0.00001
 3.40719  3.50586  0.00000
 3.40719  3.50586  0.00001
 3.40719  3.50586  0.00001
 3.40719  3.50586  0.00001
 3.40719  3.72293  0.00000
 3.40719  3.72293  0.00001
 3.40719  3.72293  0.00002
 3.40719  3.72293  0.00001
 3.40719  3.72293  0.00000
 3.40719  3.72293  0.00001
 3.40719  3.72293  0.00002
 3.40719  3.72293  0.00001
 3.40719  3.72293  0.00000
 3.40719  3.72293  0.00001
 3.40719  3.72293  0.00001
 3.40719  3.72293  0.00001
 3.40719  3.72293  0.00000
 3.40719  3.72293  0.00000
 3.40719  3.72293  0.00001
 3.40719  3.72293  0.00001
 3.40719  3.97019  0.00000
 3.40719  3.97019  0.00001
 3.40719  3.97019  0.00002
 3.40719  3.97019  0.00001
 3.40719  3.97019  0.00000
 3.40719  3.97019  0.00001
 3.40719  3.97019  0.00001
 3.40719  3.97019  0.00001
 3.40719  3.97019  0.00000
 3.40719  3.97019  0.00000
 3.40719  3.97019  0.00001
 3.40719  3.97019  0.00001
 3.40719  3.97019  0.00000
 3.40719  3.97019  0.00000
 3.40719  3.97019  0.00001
 3.40719  3.97019  0.00001
 3.85768  3.94648  0.00000
 3.85768  3.94648  0.00002
 3.85768  3.94648  0.00008
 3.85768  3.94648  0.00004
 3.85768  3.94648  0.00000
 3.85768  3.94648  0.00001
 3.85768  3.94648  0.00005
 3.85768  3.94648  0.00002
 3.85768  3.94648  0.00000
 3.85768  3.94648  0.00001
 3.85768  3.94648  0.00004
 3.85768  3.94648  0.00002
 3.85768  3.94648  0.00000
 3.85768  3.94648  0.00001
 3.85768  3.94648  0.00003
 3.85768  3.94648  0.00002
 3.85768  4.15369  0.00000
 3.85768  4.15369  0.00001
 3.85768  4.15369  0.00005
 3.85768  4.15369  0.00002
 3.85768  4.15369  0.00000
 3.85768  4.15369  0.00001
 3.85768  4.15369  0.00003
 3.85768  4.15369  0.00002
 3.85768  4.15369  0.00000
 3.85768  4.15369  0.00001
 3.85768  4.15369  0.00003
 3.85768  4.15369  0.00001
 3.85768  4.15369  0.00000
 3.85768  4.15369  0.00001
 3.85768  4.15369  0.00002
 3.85768  4.15369  0.00001
 3.85768  4.36438  0.00000
 3.85768  4.36438  0.00001
 3.85768  4.36438  0.00004
 3.85768  4.36438  0.00002
 3.85768  4.36438  0.00000
 3.85768  4.36438  0.00001
 3.85768  4.36438  0.00003
 3.85768  4.36438  0.00001
 3.85768  4.36438  0.00000
 3.85768  4.36438  0.00001
 3.85768  4.36438  0.00003
 3.85768  4.36438  0.00001
 3.85768  4.36438  0.00000
 3.85768  4.36438  0.00001
 3.85768  4.36438  0.00002
 3.85768  4.36438  0.00001
 5.26668  5.84095  0.00000
 5.26668  5.84095  0.00000
 4.36774  4.46641  0.00000
 4.36774  4.46641  0.00001
 4.36774  4.46641  0.00000
 4.36774  4.46641  0.00000
 4.36774  4.46641  0.00000
 4.36774  4.46641  0.00000
 4.36774  4.46641  0.00000
 4.36774  4.46641  0.00000
 4.36774  4.46641  0.00000
 4.36774  4.72295  0.00000
 4.36774  4.72295  0.00000
 4.36774  4.72295  0.00000
 4.36774  4.72295  0.00000
 4.36774  4.72295  0.00000
 4.36774  4.72295  0.00000
 4.36774  4.72295  0.00000
 4.36774  4.72295  0.00000
 4.36774  4.72295  0.00000
 4.36774  4.87444  0.00000
 4.36774  4.87444  0.00000
 4.36774  4.87444  0.00000
 4.36774  4.87444  0.00000
 4.36774  4.87444  0.00000
 4.36774  4.87444  0.00000
 4.36774  4.87444  0.00000
 4.36774  4.87444  0.00000
 4.36774  4.87444  0.00000
 4.94524  5.02417  0.00000
 4.94524  5.02417  0.00002
 4.94524  5.02417  0.00003
 4.94524  5.02417  0.00000
 4.94524  5.02417  0.00001
 4.94524  5.02417  0.00002
 4.94524  5.02417  0.00000
 4.94524  5.02417  0.00001
 4.94524  5.02417  0.00002
 4.94524  5.02417  0.00000
 4.94524  5.02417  0.00001
 4.94524  5.02417  0.00001
 4.94524  5.22151  0.00000
 4.94524  5.22151  0.00001
 4.94524  5.22151  0.00003
 4.94524  5.22151  0.00000
 4.94524  5.22151  0.00001
 4.94524  5.22151  0.00002
 4.94524  5.22151  0.00000
 4.94524  5.22151  0.00001
 4.94524  5.22151  0.00002
 4.94524  5.22151  0.00000
 4.94524  5.22151  0.00000
 4.94524  5.22151  0.00001
 4.94524  5.45194  0.00000
 4.94524  5.45194  0.00001
 4.94524  5.45194  0.00003
 4.94524  5.45194  0.00000
 4.94524  5.45194  0.00001
 4.94524  5.45194  0.00002
 4.94524  5.45194  0.00000
 4.94524  5.45194  0.00001
 4.94524  5.45194  0.00002
 4.94524  5.45194  0.00000
 4.94524  5.45194  0.00000
 4.94524  5.45194  0.00001
 4.94524  6.52019  0.00000
 4.94524  6.52019  0.00001
 4.94524  6.52019  0.00003
 4.94524  6.52019  0.00000
 4.94524  6.52019  0.00000
 4.94524  6.52019  0.00002
 4.94524  6.52019  0.00000
 4.94524  6.52019  0.00000
 4.94524  6.52019  0.00002
 4.94524  6.52019  0.00000
 4.94524  6.52019  0.00000
 4.94524  6.52019  0.00001
 5.59909  5.67803  0.00005
 5.59909  5.67803  0.00006
 5.59909  5.67803  0.00004
 5.59909  5.67803  0.00005
 5.59909  5.67803  0.00003
 5.59909  5.67803  0.00004
 5.59909  5.67803  0.00002
 5.59909  5.67803  0.00003
 5.59909  5.83590  0.00004
 5.59909  5.83590  0.00004
 5.59909  5.83590  0.00002
 5.59909  5.83590  0.00003
 5.59909  5.83590  0.00002
 5.59909  5.83590  0.00003
 5.59909  5.83590  0.00002
 5.59909  5.83590  0.00002
 5.59909  6.04949  0.00003
 5.59909  6.04949  0.00004
 5.59909  6.04949  0.00002
 5.59909  6.04949  0.00003
 5.59909  6.04949  0.00002
 5.59909  6.04949  0.00003
 5.59909  6.04949  0.00001
 5.59909  6.04949  0.00002
 5.59909  7.23237  0.00002
 5.59909  7.23237  0.00003
 5.59909  7.23237  0.00002
 5.59909  7.23237  0.00002
 5.59909  7.23237  0.00001
 5.59909  7.23237  0.00002
 5.59909  7.23237  0.00001
 5.59909  7.23237  0.00001
 6.33940  6.40847  0.00002
 6.33940  6.40847  0.00002
 6.33940  6.40847  0.00001
 6.33940  6.40847  0.00002
 6.33940  6.40847  0.00001
 6.33940  6.40847  0.00002
 6.33940  6.40847  0.00001
 6.33940  6.40847  0.00001
 6.33940  6.53674  0.00001
 6.33940  6.53674  0.00002
 6.33940  6.53674  0.00001
 6.33940  6.53674  0.00001
 6.33940  6.53674  0.00001
 6.33940  6.53674  0.00001
 6.33940  6.53674  0.00001
 6.33940  6.53674  0.00001
 6.33940  6.70535  0.00001
 6.33940  6.70535  0.00001
 6.33940  6.70535  0.00001
 6.33940  6.70535  0.00001
 6.33940  6.70535  0.00001
 6.33940  6.70535  0.00001
 6.33940  6.70535  0.00000
 6.33940  6.70535  0.00001
 6.33940  7.68102  0.00001
 6.33940  7.68102  0.00001
 6.33940  7.68102  0.00001
 6.33940  7.68102  0.00001
 6.33940  7.68102  0.00000
 6.33940  7.68102  0.00001
 6.33940  7.68102  0.00000
 6.33940  7.68102  0.00001
 7.17758  7.23679  0.00002
 7.17758  7.23679  0.00001
 7.17758  7.23679  0.00001
 7.17758  7.23679  0.00001
 7.17758  7.37492  0.00002
 7.17758  7.37492  0.00001
 7.17758  7.37492  0.00001
 7.17758  7.37492  0.00001
 7.17758  7.51538  0.00002
 7.17758  7.51538  0.00001
 7.17758  7.51538  0.00001
 7.17758  7.51538  0.00001
 7.17758  8.46087  0.00002
 7.17758  8.46087  0.00001
 7.17758  8.46087  0.00001
 7.17758  8.46087  0.00001
 8.12660  8.18580  0.00006
 8.12660  8.18580  0.00005
 8.12660  8.18580  0.00005
 8.12660  8.18580  0.00004
 8.12660  8.30421  0.00006
 8.12660  8.30421  0.00004
 8.12660  8.30421  0.00004
 8.12660  8.30421  0.00003
 8.12660  8.43625  0.00006
 8.12660  8.43625  0.00004
 8.12660  8.43625  0.00004
 8.12660  8.43625  0.00003
 8.12660  9.17657  0.00005
 8.12660  9.17657  0.00004
 8.12660  9.17657  0.00004
 8.12660  9.17657  0.00003
 9.20109  9.25042  0.00005
 9.20109  9.25042  0.00005
 9.20109  9.25042  0.00005
 9.20109  9.25042  0.00005
 9.20109  9.35896  0.00003
 9.20109  9.35896  0.00003
 9.20109  9.35896  0.00003
 9.20109  9.35896  0.00003
 9.20109  9.48259  0.00003
 9.20109  9.48259  0.00003
 9.20109  9.48259  0.00003
 9.20109  9.48259  0.00003
 9.20109 10.30938  0.00002
 9.20109 10.30938  0.00002
 9.20109 10.30938  0.00002
 9.20109 10.30938  0.00002
