 0.32190  0.55960  0.00635
 0.32190  0.55960  0.00395
 0.32190  0.55960  0.00337
 0.36446  0.59335  0.00585
 0.36446  0.59335  0.00364
 0.36446  0.59335  0.00311
 0.41265  0.63274  0.00593
 0.41265  0.63274  0.00368
 0.41265  0.63274  0.00315
 0.52898  0.73147  0.00652
 0.52898  0.73147  0.00405
 0.52898  0.73147  0.00346
 0.36446  0.61578  0.00047
 0.36446  0.61578  0.00247
 0.36446  0.61578  0.00260
 0.36446  0.60647  0.00032
 0.36446  0.60647  0.00157
 0.36446  0.60647  0.00162
 0.36446  0.60647  0.00028
 0.36446  0.60647  0.00135
 0.36446  0.60647  0.00138
 0.41265  0.64535  0.00084
 0.41265  0.64535  0.00438
 0.41265  0.64535  0.00055
 0.41265  0.64535  0.00277
 0.41265  0.64535  0.00047
 0.41265  0.64535  0.00238
 0.46721  0.69991  0.00035
 0.46721  0.69991  0.00200
 0.46721  0.69061  0.00024
 0.46721  0.69061  0.00128
 0.46721  0.69061  0.00021
 0.46721  0.69061  0.00112
 0.52898  0.75238  0.00039
 0.52898  0.75238  0.00229
 0.52898  0.75238  0.00027
 0.52898  0.75238  0.00145
 0.52898  0.75238  0.00024
 0.52898  0.75238  0.00126
 0.59892  0.81301  0.00323
 0.76777  1.36350  0.00032
 0.76777  1.36350  0.00020
 0.76777  1.36350  0.00017
 0.86928  1.42778  0.00020
 0.86928  1.42778  0.00012
 0.86928  1.42778  0.00011
 2.34750  4.43857  0.00000
 2.34750  4.43857  0.00000
 2.34750  4.43857  0.00000
 2.34750  4.43857  0.00000
 3.40719  5.05803  0.00002
 3.40719  5.05803  0.00001
 3.40719  5.05803  0.00001
 3.40719  5.05803  0.00001
 4.94524  6.59609  0.00001
 4.94524  6.59609  0.00001
 4.94524  6.59609  0.00001
 4.94524  6.59609  0.00001
 0.28431  0.56508  0.00038
 0.28431  0.56508  0.00116
 0.28431  0.56508  0.00013
 0.28431  0.56508  0.00026
 0.28431  0.55540  0.00079
 0.28431  0.55540  0.00009
 0.36446  0.62587  0.00000
 0.36446  0.62587  0.00106
 0.36446  0.62587  0.00539
 0.36446  0.62587  0.00134
 0.36446  0.62587  0.00000
 0.36446  0.62587  0.00069
 0.36446  0.62587  0.00351
 0.36446  0.62587  0.00087
 0.36446  0.62587  0.00000
 0.36446  0.62587  0.00060
 0.36446  0.62587  0.00308
 0.36446  0.62587  0.00075
 0.41265  0.66438  0.00016
 0.41265  0.66438  0.00203
 0.41265  0.66438  0.00133
 0.41265  0.66438  0.00010
 0.41265  0.66438  0.00128
 0.41265  0.66438  0.00084
 0.41265  0.66438  0.00008
 0.41265  0.66438  0.00110
 0.41265  0.66438  0.00073
 0.46721  0.70926  0.00005
 0.46721  0.70926  0.00115
 0.46721  0.70926  0.00141
 0.46721  0.70926  0.00003
 0.46721  0.70926  0.00074
 0.46721  0.70926  0.00091
 0.46721  0.70926  0.00003
 0.46721  0.70926  0.00064
 0.46721  0.70926  0.00079
 0.52898  0.76135  0.00004
 0.52898  0.76135  0.00145
 0.52898  0.76135  0.00223
 0.52898  0.76135  0.00002
 0.52898  0.76135  0.00093
 0.52898  0.76135  0.00141
 0.52898  0.76135  0.00002
 0.52898  0.76135  0.00081
 0.52898  0.76135  0.00122
 0.59892  0.82161  0.00000
 0.59892  0.82161  0.00048
 0.59892  0.82161  0.00281
 0.59892  0.81192  0.00000
 0.59892  0.81192  0.00031
 0.59892  0.81192  0.00176
 0.59892  0.81192  0.00000
 0.59892  0.81192  0.00027
 0.59892  0.81192  0.00151
 0.67811  1.33648  0.00001
 0.67811  1.33648  0.00012
 0.67811  1.33648  0.00000
 0.67811  1.33648  0.00007
 0.76777  1.38741  0.00001
 0.76777  1.38741  0.00020
 0.76777  1.38741  0.00001
 0.76777  1.38741  0.00012
 0.86928  1.45020  0.00002
 0.86928  1.45020  0.00054
 0.86928  1.45020  0.00001
 0.86928  1.45020  0.00034
 0.86928  1.45020  0.00001
 0.86928  1.45020  0.00029
 0.98422  1.52641  0.00001
 0.98422  1.52641  0.00001
 0.98422  1.52641  0.00001
 1.42851  1.93197  0.00000
 1.42851  1.93197  0.00000
 1.42851  1.93197  0.00000
 1.42851  2.31241  0.00000
 1.42851  2.31241  0.00000
 1.42851  2.31241  0.00000
 1.42851  2.31241  0.00000
 1.61739  2.44605  0.00000
 1.61739  2.44605  0.00000
 1.61739  2.44605  0.00000
 1.61739  2.44605  0.00000
 1.61739  2.44605  0.00000
 1.61739  2.44605  0.00000
 1.61739  2.44605  0.00000
 1.61739  2.44605  0.00000
 1.83123  2.60465  0.00000
 1.83123  2.60465  0.00000
 1.83123  2.60465  0.00000
 1.83123  2.60465  0.00000
 1.83123  2.60465  0.00000
 1.83123  2.60465  0.00000
 1.83123  2.60465  0.00000
 1.83123  2.60465  0.00000
 1.83123  2.60465  0.00000
 1.83123  2.60465  0.00000
 1.83123  2.60465  0.00000
 1.83123  2.60465  0.00000
 2.07336  2.79153  0.00000
 2.07336  2.79153  0.00000
 2.07336  2.79153  0.00000
 2.07336  2.79153  0.00000
 2.07336  2.79153  0.00000
 2.07336  2.79153  0.00000
 2.07336  2.79153  0.00000
 2.07336  2.79153  0.00000
 2.34750  4.57975  0.00000
 2.34750  4.57975  0.00000
 2.34750  4.57975  0.00000
 2.34750  4.57975  0.00000
 2.65788  4.77566  0.00000
 2.65788  4.77566  0.00001
 2.65788  4.77566  0.00000
 2.65788  4.77566  0.00000
 2.65788  4.77566  0.00001
 2.65788  4.77566  0.00000
 2.65788  4.77566  0.00000
 2.65788  4.77566  0.00001
 2.65788  4.77566  0.00000
 2.65788  4.77566  0.00000
 2.65788  4.77566  0.00000
 2.65788  4.77566  0.00000
 3.00930  4.95537  0.00000
 3.00930  4.95537  0.00000
 3.00930  4.95537  0.00000
 3.00930  4.95537  0.00000
 3.40719  5.23878  0.00002
 3.40719  5.23878  0.00001
 3.40719  5.23878  0.00001
 3.40719  5.23878  0.00001
 3.85768  5.57480  0.00000
 3.85768  5.57480  0.00001
 3.85768  5.57480  0.00000
 3.85768  5.57480  0.00000
 3.85768  5.57480  0.00001
 3.85768  5.57480  0.00000
 3.85768  5.57480  0.00000
 3.85768  5.57480  0.00001
 3.85768  5.57480  0.00000
 4.36774  5.97038  0.00000
 4.36774  5.97038  0.00000
 4.36774  5.97038  0.00000
 4.36774  5.97038  0.00000
 4.94524  6.66236  0.00003
 4.94524  6.66236  0.00002
 4.94524  6.66236  0.00002
 4.94524  6.66236  0.00002
 0.36446  0.64235  0.00001
 0.36446  0.64235  0.00111
 0.36446  0.64235  0.00369
 0.36446  0.64235  0.00071
 0.36446  0.64235  0.00000
 0.36446  0.64235  0.00072
 0.36446  0.64235  0.00243
 0.36446  0.63242  0.00048
 0.36446  0.64235  0.00000
 0.36446  0.64235  0.00063
 0.36446  0.64235  0.00214
 0.36446  0.63242  0.00043
 0.41265  0.67069  0.00000
 0.41265  0.67069  0.00078
 0.41265  0.67069  0.00306
 0.41265  0.67069  0.00058
 0.41265  0.67069  0.00000
 0.41265  0.67069  0.00049
 0.41265  0.67069  0.00192
 0.41265  0.67069  0.00036
 0.41265  0.67069  0.00000
 0.41265  0.67069  0.00042
 0.41265  0.67069  0.00164
 0.41265  0.67069  0.00031
 0.46721  0.72525  0.00000
 0.46721  0.72525  0.00021
 0.46721  0.72525  0.00214
 0.46721  0.72525  0.00107
 0.46721  0.71532  0.00000
 0.46721  0.71532  0.00013
 0.46721  0.71532  0.00139
 0.46721  0.71532  0.00069
 0.46721  0.71532  0.00000
 0.46721  0.71532  0.00012
 0.46721  0.71532  0.00122
 0.46721  0.71532  0.00061
 0.52898  0.76717  0.00009
 0.52898  0.77710  0.00224
 0.52898  0.77710  0.00180
 0.52898  0.76717  0.00006
 0.52898  0.76717  0.00144
 0.52898  0.77710  0.00115
 0.52898  0.76717  0.00005
 0.52898  0.76717  0.00125
 0.52898  0.77710  0.00100
 0.59892  0.83711  0.00000
 0.59892  0.83711  0.00011
 0.59892  0.83711  0.00124
 0.59892  0.83711  0.00162
 0.59892  0.83711  0.00000
 0.59892  0.83711  0.00007
 0.59892  0.83711  0.00079
 0.59892  0.83711  0.00103
 0.59892  0.83711  0.00000
 0.59892  0.83711  0.00006
 0.59892  0.83711  0.00068
 0.59892  0.83711  0.00089
 0.67811  0.90638  0.00000
 0.67811  0.90638  0.00025
 0.67811  0.90638  0.00076
 0.67811  0.90638  0.00000
 0.67811  0.90638  0.00015
 0.67811  0.90638  0.00047
 0.76777  1.42280  0.00000
 0.76777  1.42280  0.00003
 0.76777  1.42280  0.00014
 0.76777  1.42280  0.00000
 0.76777  1.42280  0.00002
 0.76777  1.42280  0.00008
 0.86928  1.48461  0.00000
 0.86928  1.48461  0.00008
 0.86928  1.48461  0.00080
 0.86928  1.48461  0.00000
 0.86928  1.48461  0.00005
 0.86928  1.48461  0.00050
 0.86928  1.48461  0.00000
 0.86928  1.48461  0.00005
 0.86928  1.48461  0.00043
 0.98422  1.57970  0.00000
 0.98422  1.57970  0.00007
 0.98422  1.57970  0.00000
 0.98422  1.57970  0.00005
 0.98422  1.57970  0.00000
 0.98422  1.57970  0.00004
 1.11435  1.70983  0.00000
 1.11435  1.70983  0.00000
 1.11435  1.70983  0.00000
 1.11435  1.70983  0.00001
 1.11435  1.70983  0.00000
 1.11435  1.70983  0.00000
 1.11435  1.70983  0.00000
 1.11435  1.70983  0.00000
 1.11435  1.70983  0.00000
 1.11435  1.70983  0.00000
 1.11435  1.70983  0.00000
 1.11435  1.70983  0.00000
 1.11435  2.13367  0.00000
 1.11435  2.13367  0.00000
 1.11435  2.13367  0.00000
 1.11435  2.13367  0.00000
 1.11435  2.13367  0.00000
 1.11435  2.13367  0.00000
 1.11435  2.13367  0.00000
 1.11435  2.13367  0.00000
 1.11435  2.13367  0.00000
 1.11435  2.13367  0.00000
 1.11435  2.13367  0.00000
 1.11435  2.13367  0.00000
 1.11435  2.13367  0.00000
 1.11435  2.13367  0.00000
 1.11435  2.13367  0.00000
 1.11435  2.13367  0.00000
 1.26169  1.83732  0.00000
 1.26169  1.83732  0.00000
 1.26169  1.83732  0.00000
 1.26169  1.79762  0.00000
 1.26169  1.83732  0.00000
 1.26169  1.83732  0.00000
 1.26169  1.79762  0.00000
 1.26169  1.79762  0.00000
 1.26169  1.83732  0.00000
 1.26169  1.83732  0.00000
 1.26169  1.79762  0.00000
 1.26169  1.79762  0.00000
 1.26169  1.83732  0.00000
 1.26169  1.83732  0.00000
 1.26169  1.79762  0.00000
 1.26169  1.79762  0.00000
 1.26169  2.22438  0.00000
 1.26169  2.22438  0.00000
 1.26169  2.22438  0.00000
 1.26169  2.22438  0.00000
 1.26169  2.22438  0.00000
 1.26169  2.22438  0.00000
 1.26169  2.22438  0.00000
 1.26169  2.22438  0.00000
 1.26169  2.22438  0.00000
 1.26169  2.22438  0.00000
 1.26169  2.22438  0.00000
 1.26169  2.22438  0.00000
 1.26169  2.22438  0.00000
 1.26169  2.22438  0.00000
 1.26169  2.22438  0.00000
 1.26169  2.22438  0.00000
 1.42851  1.94459  0.00000
 1.42851  1.94459  0.00000
 1.42851  1.94459  0.00000
 1.42851  1.94459  0.00000
 1.42851  1.94459  0.00000
 1.42851  1.94459  0.00000
 1.42851  1.94459  0.00000
 1.42851  1.94459  0.00000
 1.42851  1.94459  0.00000
 1.42851  1.94459  0.00000
 1.42851  1.94459  0.00000
 1.42851  1.94459  0.00000
 1.42851  1.94459  0.00000
 1.42851  1.94459  0.00000
 1.42851  1.94459  0.00000
 1.42851  1.94459  0.00000
 1.42851  2.39120  0.00000
 1.42851  2.33457  0.00000
 1.42851  2.33457  0.00000
 1.42851  2.33457  0.00000
 1.42851  2.33457  0.00000
 1.42851  2.33457  0.00000
 1.42851  2.33457  0.00000
 1.42851  2.33457  0.00000
 1.42851  2.33457  0.00000
 1.42851  2.33457  0.00000
 1.42851  2.33457  0.00000
 1.42851  2.33457  0.00000
 1.42851  2.39120  0.00000
 1.42851  2.33457  0.00000
 1.42851  2.33457  0.00000
 1.42851  2.33457  0.00000
 1.61739  2.46682  0.00000
 1.61739  2.46682  0.00000
 1.61739  2.46682  0.00000
 1.61739  2.46682  0.00000
 1.61739  2.46682  0.00000
 1.61739  2.46682  0.00000
 1.61739  2.46682  0.00000
 1.61739  2.46682  0.00000
 1.61739  2.46682  0.00000
 1.61739  2.46682  0.00000
 1.61739  2.46682  0.00000
 1.61739  2.46682  0.00000
 1.83123  2.68067  0.00000
 1.83123  2.68067  0.00000
 1.83123  2.68067  0.00000
 1.83123  2.68067  0.00000
 1.83123  2.68067  0.00000
 1.83123  2.68067  0.00000
 1.83123  2.68067  0.00000
 1.83123  2.68067  0.00000
 1.83123  2.68067  0.00000
 1.83123  2.68067  0.00000
 1.83123  2.68067  0.00000
 1.83123  2.68067  0.00000
 2.07336  2.89448  0.00000
 2.07336  2.89448  0.00001
 2.07336  2.89448  0.00000
 2.07336  2.80953  0.00000
 2.07336  2.89448  0.00000
 2.07336  2.89448  0.00001
 2.07336  2.89448  0.00000
 2.07336  2.80953  0.00000
 2.07336  2.89448  0.00000
 2.07336  2.89448  0.00001
 2.07336  2.89448  0.00000
 2.07336  2.80953  0.00000
 2.07336  2.89448  0.00000
 2.07336  2.89448  0.00000
 2.07336  2.89448  0.00000
 2.07336  2.80953  0.00000
 2.34750  4.63571  0.00000
 2.34750  4.63571  0.00000
 2.34750  4.63571  0.00000
 2.34750  4.63571  0.00000
 2.34750  4.63571  0.00000
 2.34750  4.63571  0.00000
 2.34750  4.63571  0.00000
 2.34750  4.63571  0.00000
 2.34750  4.63571  0.00000
 2.34750  4.63571  0.00000
 2.34750  4.63571  0.00000
 2.34750  4.63571  0.00000
 2.65788  4.88742  0.00001
 2.65788  4.88742  0.00000
 2.65788  4.88742  0.00001
 2.65788  4.88742  0.00000
 2.65788  4.88742  0.00001
 2.65788  4.88742  0.00000
 2.65788  4.88742  0.00000
 2.65788  4.88742  0.00000
 3.00930  5.00415  0.00000
 3.00930  5.00415  0.00001
 3.00930  5.00415  0.00001
 3.00930  5.00415  0.00000
 3.00930  5.00415  0.00000
 3.00930  5.00415  0.00001
 3.00930  5.00415  0.00000
 3.00930  5.00415  0.00000
 3.00930  5.00415  0.00000
 3.00930  5.00415  0.00000
 3.00930  5.00415  0.00000
 3.00930  5.00415  0.00000
 3.00930  5.00415  0.00000
 3.00930  5.00415  0.00000
 3.00930  5.00415  0.00000
 3.00930  5.00415  0.00000
 3.40719  5.40204  0.00000
 3.40719  5.28469  0.00000
 3.40719  5.28469  0.00000
 3.40719  5.40204  0.00000
 3.40719  5.28469  0.00000
 3.40719  5.28469  0.00000
 3.40719  5.40204  0.00000
 3.40719  5.28469  0.00000
 3.40719  5.28469  0.00000
 3.40719  5.40204  0.00000
 3.40719  5.28469  0.00000
 3.40719  5.28469  0.00000
 3.85768  5.67652  0.00002
 3.85768  5.67652  0.00002
 3.85768  5.67652  0.00001
 3.85768  5.67652  0.00002
 3.85768  5.67652  0.00001
 3.85768  5.67652  0.00001
 4.36774  6.01056  0.00000
 4.36774  6.01056  0.00000
 4.36774  6.01056  0.00000
 4.36774  6.01056  0.00000
 4.36774  6.01056  0.00000
 4.36774  6.01056  0.00000
 4.36774  6.01056  0.00000
 4.36774  6.01056  0.00000
 4.94524  6.70540  0.00001
 4.94524  6.70540  0.00003
 4.94524  6.70540  0.00001
 4.94524  6.70540  0.00002
 4.94524  6.70540  0.00001
 4.94524  6.70540  0.00002
 4.94524  6.70540  0.00000
 4.94524  6.70540  0.00002
 0.36446  0.65551  0.00000
 0.36446  0.65551  0.00004
 0.36446  0.65551  0.00099
 0.36446  0.65551  0.00230
 0.36446  0.64548  0.00065
 0.36446  0.64548  0.00000
 0.36446  0.64548  0.00003
 0.36446  0.64548  0.00067
 0.36446  0.64548  0.00156
 0.36446  0.64548  0.00044
 0.36446  0.64548  0.00000
 0.36446  0.64548  0.00002
 0.36446  0.64548  0.00060
 0.36446  0.64548  0.00139
 0.36446  0.64548  0.00039
 0.41265  0.68363  0.00001
 0.41265  0.68363  0.00153
 0.41265  0.68363  0.00272
 0.41265  0.68363  0.00052
 0.41265  0.68363  0.00001
 0.41265  0.68363  0.00096
 0.41265  0.68363  0.00173
 0.41265  0.68363  0.00034
 0.41265  0.68363  0.00001
 0.41265  0.68363  0.00082
 0.41265  0.68363  0.00148
 0.41265  0.68363  0.00029
 0.46721  0.72815  0.00001
 0.46721  0.72815  0.00098
 0.46721  0.72815  0.00262
 0.46721  0.72815  0.00071
 0.46721  0.72815  0.00000
 0.46721  0.72815  0.00062
 0.46721  0.72815  0.00166
 0.46721  0.72815  0.00045
 0.46721  0.72815  0.00000
 0.46721  0.72815  0.00053
 0.46721  0.72815  0.00144
 0.46721  0.72815  0.00039
 0.52898  0.78993  0.00000
 0.52898  0.77989  0.00035
 0.52898  0.77989  0.00265
 0.52898  0.77989  0.00186
 0.52898  0.78993  0.00000
 0.52898  0.77989  0.00022
 0.52898  0.77989  0.00172
 0.52898  0.77989  0.00120
 0.52898  0.77989  0.00000
 0.52898  0.77989  0.00019
 0.52898  0.77989  0.00151
 0.52898  0.77989  0.00106
 0.59892  0.83980  0.00003
 0.59892  0.83980  0.00097
 0.59892  0.83980  0.00055
 0.59892  0.83980  0.00002
 0.59892  0.83980  0.00063
 0.59892  0.83980  0.00035
 0.59892  0.83980  0.00055
 0.59892  0.83980  0.00030
 0.67811  0.91898  0.00000
 0.67811  0.90895  0.00024
 0.67811  0.90895  0.00125
 0.67811  0.90895  0.00125
 0.67811  0.90895  0.00000
 0.67811  0.90895  0.00015
 0.67811  0.90895  0.00079
 0.67811  0.90895  0.00079
 0.76777  1.47032  0.00000
 0.76777  1.47032  0.00000
 0.76777  1.47032  0.00001
 0.76777  1.47032  0.00023
 0.76777  1.47032  0.00036
 0.76777  1.47032  0.00000
 0.76777  1.47032  0.00000
 0.76777  1.47032  0.00001
 0.76777  1.47032  0.00014
 0.76777  1.47032  0.00022
 0.86928  1.53168  0.00000
 0.86928  1.53168  0.00000
 0.86928  1.53168  0.00001
 0.86928  1.53168  0.00022
 0.86928  1.53168  0.00068
 0.86928  1.53168  0.00000
 0.86928  1.49154  0.00000
 0.86928  1.53168  0.00000
 0.86928  1.53168  0.00014
 0.86928  1.53168  0.00043
 0.86928  1.53168  0.00000
 0.86928  1.49154  0.00000
 0.86928  1.53168  0.00000
 0.86928  1.53168  0.00012
 0.86928  1.53168  0.00037
 0.98422  1.64662  0.00000
 0.98422  1.64662  0.00000
 0.98422  1.64662  0.00000
 0.98422  1.64662  0.00002
 0.98422  1.64662  0.00022
 0.98422  1.64662  0.00000
 0.98422  1.64662  0.00000
 0.98422  1.64662  0.00000
 0.98422  1.64662  0.00001
 0.98422  1.64662  0.00014
 0.98422  1.64662  0.00000
 0.98422  1.64662  0.00000
 0.98422  1.64662  0.00000
 0.98422  1.64662  0.00001
 0.98422  1.64662  0.00012
 1.11435  1.71653  0.00000
 1.11435  1.71653  0.00000
 1.11435  1.71653  0.00000
 1.11435  1.71653  0.00000
 1.11435  1.71653  0.00002
 1.11435  1.71653  0.00000
 1.11435  1.71653  0.00000
 1.11435  1.71653  0.00000
 1.11435  1.71653  0.00000
 1.11435  1.71653  0.00002
 1.11435  1.71653  0.00000
 1.11435  1.71653  0.00000
 1.11435  1.71653  0.00000
 1.11435  1.71653  0.00000
 1.11435  1.71653  0.00001
 1.11435  2.20241  0.00000
 1.11435  2.20241  0.00000
 1.11435  2.20241  0.00000
 1.11435  2.20241  0.00000
 1.11435  2.20241  0.00002
 1.11435  2.20241  0.00000
 1.11435  2.20241  0.00000
 1.11435  2.20241  0.00000
 1.11435  2.20241  0.00000
 1.11435  2.20241  0.00001
 1.11435  2.20241  0.00000
 1.11435  2.20241  0.00000
 1.11435  2.20241  0.00000
 1.11435  2.20241  0.00000
 1.11435  2.20241  0.00001
 1.11435  2.20241  0.00000
 1.11435  2.20241  0.00000
 1.11435  2.20241  0.00000
 1.11435  2.20241  0.00000
 1.11435  2.20241  0.00001
 1.26169  1.84380  0.00000
 1.26169  1.84380  0.00000
 1.26169  1.84380  0.00000
 1.26169  1.84380  0.00000
 1.26169  1.84380  0.00000
 1.26169  1.84380  0.00000
 1.26169  1.84380  0.00000
 1.26169  1.84380  0.00000
 1.26169  1.84380  0.00000
 1.26169  1.84380  0.00000
 1.26169  1.84380  0.00000
 1.26169  1.84380  0.00000
 1.26169  1.84380  0.00000
 1.26169  1.84380  0.00000
 1.26169  1.84380  0.00000
 1.26169  1.84380  0.00000
 1.26169  2.26385  0.00000
 1.26169  2.26385  0.00000
 1.26169  2.26385  0.00000
 1.26169  2.26385  0.00000
 1.26169  2.26385  0.00000
 1.26169  2.26385  0.00000
 1.26169  2.26385  0.00000
 1.26169  2.26385  0.00000
 1.26169  2.26385  0.00000
 1.26169  2.26385  0.00000
 1.26169  2.26385  0.00000
 1.26169  2.26385  0.00000
 1.26169  2.26385  0.00000
 1.26169  2.26385  0.00000
 1.26169  2.26385  0.00000
 1.26169  2.26385  0.00000
 1.42851  1.97047  0.00000
 1.42851  1.97047  0.00000
 1.42851  1.97047  0.00000
 1.42851  1.97047  0.00000
 1.42851  1.97047  0.00000
 1.42851  1.97047  0.00000
 1.42851  1.97047  0.00000
 1.42851  1.97047  0.00000
 1.42851  1.97047  0.00000
 1.42851  1.97047  0.00000
 1.42851  1.97047  0.00000
 1.42851  1.97047  0.00000
 1.42851  1.97047  0.00000
 1.42851  1.97047  0.00000
 1.42851  1.97047  0.00000
 1.42851  1.97047  0.00000
 1.42851  2.40204  0.00000
 1.42851  2.40204  0.00000
 1.42851  2.40204  0.00000
 1.42851  2.40204  0.00000
 1.42851  2.40204  0.00000
 1.42851  2.40204  0.00000
 1.42851  2.40204  0.00000
 1.42851  2.40204  0.00000
 1.42851  2.40204  0.00000
 1.42851  2.40204  0.00000
 1.42851  2.40204  0.00000
 1.42851  2.40204  0.00000
 1.42851  2.40204  0.00000
 1.42851  2.40204  0.00000
 1.42851  2.40204  0.00000
 1.42851  2.40204  0.00000
 1.61739  2.53365  0.00000
 1.61739  2.50502  0.00000
 1.61739  2.50502  0.00001
 1.61739  2.50502  0.00000
 1.61739  2.50502  0.00000
 1.61739  2.53365  0.00000
 1.61739  2.50502  0.00000
 1.61739  2.50502  0.00000
 1.61739  2.50502  0.00000
 1.61739  2.50502  0.00000
 1.61739  2.53365  0.00000
 1.61739  2.50502  0.00000
 1.61739  2.50502  0.00000
 1.61739  2.50502  0.00000
 1.61739  2.50502  0.00000
 1.61739  2.53365  0.00000
 1.61739  2.50502  0.00000
 1.61739  2.50502  0.00000
 1.61739  2.50502  0.00000
 1.61739  2.50502  0.00000
 1.83123  2.69023  0.00000
 1.83123  2.69023  0.00000
 1.83123  2.69023  0.00000
 1.83123  2.69023  0.00000
 1.83123  2.69023  0.00000
 1.83123  2.69023  0.00000
 1.83123  2.69023  0.00000
 1.83123  2.69023  0.00000
 1.83123  2.69023  0.00000
 1.83123  2.69023  0.00000
 1.83123  2.69023  0.00000
 1.83123  2.69023  0.00000
 1.83123  2.69023  0.00000
 1.83123  2.69023  0.00000
 1.83123  2.69023  0.00000
 1.83123  2.69023  0.00000
 2.07336  2.90372  0.00001
 2.07336  2.90372  0.00001
 2.07336  2.90372  0.00000
 2.07336  2.90372  0.00000
 2.07336  2.90372  0.00000
 2.07336  2.90372  0.00000
 2.07336  2.90372  0.00000
 2.07336  2.90372  0.00000
 2.07336  2.90372  0.00000
 2.07336  2.90372  0.00000
 2.07336  2.90372  0.00000
 2.07336  2.90372  0.00000
 2.34750  4.66147  0.00000
 2.34750  4.66147  0.00000
 2.34750  4.66147  0.00001
 2.34750  4.66147  0.00000
 2.34750  4.66147  0.00000
 2.34750  4.66147  0.00000
 2.34750  4.66147  0.00000
 2.34750  4.66147  0.00000
 2.34750  4.66147  0.00000
 2.34750  4.66147  0.00000
 2.34750  4.66147  0.00000
 2.34750  4.66147  0.00000
 2.34750  4.66147  0.00000
 2.34750  4.66147  0.00000
 2.34750  4.66147  0.00000
 2.34750  4.66147  0.00000
 2.34750  4.66147  0.00000
 2.34750  4.66147  0.00000
 2.34750  4.66147  0.00000
 2.34750  4.66147  0.00000
 2.65788  4.91252  0.00000
 2.65788  4.91252  0.00000
 2.65788  4.91252  0.00000
 2.65788  4.91252  0.00000
 2.65788  4.91252  0.00000
 2.65788  4.91252  0.00000
 2.65788  4.91252  0.00000
 2.65788  4.91252  0.00000
 2.65788  4.91252  0.00000
 2.65788  4.91252  0.00000
 2.65788  4.91252  0.00000
 2.65788  4.91252  0.00000
 2.65788  4.91252  0.00000
 2.65788  4.91252  0.00000
 2.65788  4.91252  0.00000
 2.65788  4.91252  0.00000
 3.00930  5.08594  0.00000
 3.00930  5.08594  0.00001
 3.00930  5.08594  0.00002
 3.00930  5.08594  0.00001
 3.00930  5.08594  0.00000
 3.00930  5.08594  0.00001
 3.00930  5.08594  0.00001
 3.00930  5.08594  0.00000
 3.00930  5.08594  0.00000
 3.00930  5.08594  0.00001
 3.00930  5.08594  0.00001
 3.00930  5.08594  0.00000
 3.00930  5.08594  0.00000
 3.00930  5.08594  0.00000
 3.00930  5.08594  0.00001
 3.00930  5.08594  0.00000
 3.40719  5.30583  0.00000
 3.40719  5.30583  0.00000
 3.40719  5.30583  0.00000
 3.40719  5.30583  0.00000
 3.40719  5.30583  0.00000
 3.40719  5.30583  0.00000
 3.40719  5.30583  0.00000
 3.40719  5.30583  0.00000
 3.40719  5.30583  0.00000
 3.40719  5.30583  0.00000
 3.40719  5.30583  0.00000
 3.40719  5.30583  0.00000
 3.85768  5.69700  0.00000
 3.85768  5.69700  0.00002
 3.85768  5.69700  0.00003
 3.85768  5.69700  0.00000
 3.85768  5.69700  0.00001
 3.85768  5.69700  0.00002
 3.85768  5.69700  0.00000
 3.85768  5.69700  0.00001
 3.85768  5.69700  0.00002
 4.36774  6.02905  0.00000
 4.36774  6.02905  0.00000
 4.36774  6.02905  0.00000
 4.36774  6.02905  0.00000
 4.36774  6.02905  0.00000
 4.36774  6.02905  0.00000
 4.36774  6.02905  0.00000
 4.36774  6.02905  0.00000
 4.94524  6.72522  0.00001
 4.94524  6.72522  0.00001
 4.94524  6.72522  0.00001
 4.94524  6.72522  0.00001
 4.94524  6.72522  0.00001
 4.94524  6.72522  0.00001
 4.94524  6.72522  0.00001
 4.94524  6.72522  0.00001
 0.36446  0.67499  0.00000
 0.36446  0.67499  0.00009
 0.36446  0.67499  0.00121
 0.36446  0.65496  0.00218
 0.36446  0.65496  0.00062
 0.36446  0.67499  0.00000
 0.36446  0.67499  0.00006
 0.36446  0.65496  0.00082
 0.36446  0.65496  0.00148
 0.36446  0.65496  0.00042
 0.36446  0.67499  0.00000
 0.36446  0.67499  0.00005
 0.36446  0.65496  0.00073
 0.36446  0.65496  0.00131
 0.36446  0.65496  0.00038
 0.41265  0.71316  0.00000
 0.41265  0.71316  0.00012
 0.41265  0.70315  0.00124
 0.41265  0.70315  0.00167
 0.41265  0.70315  0.00041
 0.41265  0.70315  0.00000
 0.41265  0.70315  0.00008
 0.41265  0.70315  0.00080
 0.41265  0.70315  0.00109
 0.41265  0.70315  0.00027
 0.41265  0.70315  0.00000
 0.41265  0.70315  0.00007
 0.41265  0.70315  0.00070
 0.41265  0.70315  0.00094
 0.41265  0.70315  0.00024
 0.46721  0.75771  0.00000
 0.46721  0.73767  0.00009
 0.46721  0.73767  0.00166
 0.46721  0.73767  0.00323
 0.46721  0.73767  0.00100
 0.46721  0.73767  0.00000
 0.46721  0.73767  0.00006
 0.46721  0.73767  0.00105
 0.46721  0.73767  0.00207
 0.46721  0.73767  0.00064
 0.46721  0.73767  0.00090
 0.46721  0.73767  0.00181
 0.46721  0.73767  0.00056
 0.52898  0.80946  0.00000
 0.52898  0.79944  0.00003
 0.52898  0.79944  0.00077
 0.52898  0.79944  0.00189
 0.52898  0.78943  0.00074
 0.52898  0.80946  0.00000
 0.52898  0.79944  0.00002
 0.52898  0.79944  0.00050
 0.52898  0.79944  0.00124
 0.52898  0.78943  0.00048
 0.59892  0.85937  0.00000
 0.59892  0.85937  0.00002
 0.59892  0.85937  0.00080
 0.59892  0.85937  0.00296
 0.59892  0.85937  0.00159
 0.59892  0.85937  0.00000
 0.59892  0.85937  0.00001
 0.59892  0.85937  0.00051
 0.59892  0.85937  0.00191
 0.59892  0.85937  0.00103
 0.67811  0.91852  0.00000
 0.67811  0.91852  0.00000
 0.67811  0.91852  0.00000
 0.76777  1.46897  0.00000
 0.76777  1.46897  0.00000
 0.76777  1.46897  0.00016
 0.76777  1.46897  0.00093
 0.76777  1.46897  0.00077
 0.76777  1.46897  0.00000
 0.76777  1.46897  0.00000
 0.76777  1.46897  0.00010
 0.76777  1.46897  0.00059
 0.76777  1.46897  0.00049
 0.86928  1.59052  0.00000
 0.86928  1.55045  0.00000
 0.86928  1.55045  0.00005
 0.86928  1.55045  0.00061
 0.86928  1.55045  0.00079
 0.86928  1.55045  0.00000
 0.86928  1.55045  0.00000
 0.86928  1.55045  0.00003
 0.86928  1.55045  0.00038
 0.86928  1.55045  0.00050
 0.86928  1.55045  0.00000
 0.86928  1.55045  0.00000
 0.86928  1.55045  0.00003
 0.86928  1.55045  0.00033
 0.86928  1.55045  0.00043
 0.98422  1.64535  0.00000
 0.98422  1.64535  0.00000
 0.98422  1.64535  0.00000
 0.98422  1.64535  0.00009
 0.98422  1.64535  0.00028
 0.98422  1.64535  0.00000
 0.98422  1.64535  0.00000
 0.98422  1.64535  0.00000
 0.98422  1.64535  0.00006
 0.98422  1.64535  0.00018
 0.98422  1.64535  0.00000
 0.98422  1.64535  0.00000
 0.98422  1.64535  0.00000
 0.98422  1.64535  0.00005
 0.98422  1.64535  0.00015
 1.11435  1.73542  0.00000
 1.11435  1.71538  0.00000
 1.11435  1.71538  0.00000
 1.11435  1.71538  0.00002
 1.11435  1.71538  0.00008
 1.11435  1.73542  0.00000
 1.11435  1.71538  0.00000
 1.11435  1.71538  0.00000
 1.11435  1.71538  0.00001
 1.11435  1.71538  0.00005
 1.11435  1.73542  0.00000
 1.11435  1.71538  0.00000
 1.11435  1.71538  0.00000
 1.11435  1.71538  0.00001
 1.11435  1.71538  0.00004
 1.11435  2.20033  0.00000
 1.11435  2.20033  0.00001
 1.11435  2.20033  0.00007
 1.11435  2.20033  0.00000
 1.11435  2.20033  0.00001
 1.11435  2.20033  0.00004
 1.11435  2.20033  0.00000
 1.11435  2.20033  0.00000
 1.11435  2.20033  0.00001
 1.11435  2.20033  0.00004
 1.11435  2.20033  0.00000
 1.11435  2.20033  0.00001
 1.11435  2.20033  0.00003
 1.26169  1.84269  0.00000
 1.26169  1.84269  0.00000
 1.26169  1.84269  0.00001
 1.26169  1.84269  0.00000
 1.26169  1.84269  0.00000
 1.26169  1.84269  0.00000
 1.26169  1.84269  0.00000
 1.26169  1.84269  0.00000
 1.26169  1.84269  0.00000
 1.26169  1.84269  0.00000
 1.26169  1.84269  0.00000
 1.26169  1.84269  0.00000
 1.26169  1.84269  0.00000
 1.26169  1.84269  0.00000
 1.26169  1.84269  0.00000
 1.26169  1.84269  0.00000
 1.26169  1.84269  0.00000
 1.26169  1.84269  0.00000
 1.26169  1.84269  0.00000
 1.26169  1.84269  0.00000
 1.26169  2.26193  0.00000
 1.26169  2.26193  0.00000
 1.26169  2.26193  0.00001
 1.26169  2.26193  0.00000
 1.26169  2.26193  0.00000
 1.26169  2.26193  0.00000
 1.26169  2.26193  0.00000
 1.26169  2.26193  0.00000
 1.26169  2.26193  0.00000
 1.26169  2.26193  0.00000
 1.26169  2.26193  0.00000
 1.26169  2.26193  0.00000
 1.26169  2.26193  0.00000
 1.26169  2.26193  0.00000
 1.26169  2.26193  0.00000
 1.26169  2.26193  0.00000
 1.26169  2.26193  0.00000
 1.26169  2.26193  0.00000
 1.26169  2.26193  0.00000
 1.26169  2.26193  0.00000
 1.42851  1.98947  0.00000
 1.42851  1.96944  0.00000
 1.42851  1.96944  0.00000
 1.42851  1.96944  0.00000
 1.42851  1.96944  0.00000
 1.42851  1.96944  0.00000
 1.42851  1.96944  0.00000
 1.42851  1.96944  0.00000
 1.42851  1.96944  0.00000
 1.42851  1.96944  0.00000
 1.42851  1.96944  0.00000
 1.42851  1.96944  0.00000
 1.42851  1.96944  0.00000
 1.42851  1.96944  0.00000
 1.42851  1.96944  0.00000
 1.42851  1.96944  0.00000
 1.42851  1.96944  0.00000
 1.42851  1.96944  0.00000
 1.42851  1.96944  0.00000
 1.42851  1.96944  0.00000
 1.42851  2.40017  0.00000
 1.42851  2.40017  0.00000
 1.42851  2.40017  0.00000
 1.42851  2.40017  0.00000
 1.42851  2.40017  0.00000
 1.42851  2.40017  0.00000
 1.42851  2.40017  0.00000
 1.42851  2.40017  0.00000
 1.42851  2.40017  0.00000
 1.42851  2.40017  0.00000
 1.42851  2.40017  0.00000
 1.42851  2.40017  0.00000
 1.42851  2.40017  0.00000
 1.42851  2.40017  0.00000
 1.42851  2.40017  0.00000
 1.42851  2.40017  0.00000
 1.42851  2.40017  0.00000
 1.42851  2.40017  0.00000
 1.42851  2.40017  0.00000
 1.42851  2.40017  0.00000
 1.61739  2.53189  0.00000
 1.61739  2.53189  0.00001
 1.61739  2.50332  0.00000
 1.61739  2.50332  0.00000
 1.61739  2.53189  0.00000
 1.61739  2.53189  0.00000
 1.61739  2.50332  0.00000
 1.61739  2.50332  0.00000
 1.61739  2.53189  0.00000
 1.61739  2.53189  0.00000
 1.61739  2.50332  0.00000
 1.61739  2.50332  0.00000
 1.61739  2.53189  0.00000
 1.61739  2.53189  0.00000
 1.61739  2.50332  0.00000
 1.61739  2.50332  0.00000
 1.83123  2.74574  0.00000
 1.83123  2.74574  0.00001
 1.83123  2.74574  0.00001
 1.83123  2.68859  0.00000
 1.83123  2.68859  0.00000
 1.83123  2.74574  0.00000
 1.83123  2.74574  0.00000
 1.83123  2.74574  0.00001
 1.83123  2.68859  0.00000
 1.83123  2.68859  0.00000
 1.83123  2.74574  0.00000
 1.83123  2.74574  0.00000
 1.83123  2.74574  0.00001
 1.83123  2.68859  0.00000
 1.83123  2.68859  0.00000
 1.83123  2.74574  0.00000
 1.83123  2.74574  0.00000
 1.83123  2.74574  0.00000
 1.83123  2.68859  0.00000
 1.83123  2.68859  0.00000
 2.07336  2.93071  0.00000
 2.07336  2.93071  0.00000
 2.07336  2.93071  0.00000
 2.07336  2.84498  0.00000
 2.07336  2.84498  0.00000
 2.07336  2.93071  0.00000
 2.07336  2.93071  0.00000
 2.07336  2.93071  0.00000
 2.07336  2.84498  0.00000
 2.07336  2.84498  0.00000
 2.07336  2.93071  0.00000
 2.07336  2.93071  0.00000
 2.07336  2.93071  0.00000
 2.07336  2.84498  0.00000
 2.07336  2.84498  0.00000
 2.07336  2.93071  0.00000
 2.07336  2.93071  0.00000
 2.07336  2.93071  0.00000
 2.07336  2.84498  0.00000
 2.07336  2.84498  0.00000
 2.34750  3.14769  0.00000
 2.34750  3.14769  0.00000
 2.34750  3.14769  0.00002
 2.34750  3.14769  0.00002
 2.34750  3.14769  0.00000
 2.34750  3.14769  0.00000
 2.34750  3.14769  0.00001
 2.34750  3.14769  0.00001
 2.34750  3.14769  0.00000
 2.34750  3.14769  0.00000
 2.34750  3.14769  0.00001
 2.34750  3.14769  0.00001
 2.34750  3.14769  0.00000
 2.34750  3.14769  0.00000
 2.34750  3.14769  0.00001
 2.34750  3.14769  0.00001
 2.65788  4.90821  0.00000
 2.65788  4.90821  0.00000
 2.65788  4.90821  0.00000
 2.65788  4.90821  0.00000
 2.65788  4.90821  0.00000
 2.65788  4.90821  0.00000
 2.65788  4.90821  0.00000
 2.65788  4.90821  0.00000
 2.65788  4.90821  0.00000
 2.65788  4.90821  0.00000
 2.65788  4.90821  0.00000
 2.65788  4.90821  0.00000
 2.65788  4.90821  0.00000
 2.65788  4.90821  0.00000
 2.65788  4.90821  0.00000
 2.65788  4.90821  0.00000
 3.00930  5.08197  0.00000
 3.00930  5.08197  0.00001
 3.00930  5.08197  0.00002
 3.00930  5.08197  0.00001
 3.00930  5.08197  0.00000
 3.00930  5.08197  0.00001
 3.00930  5.08197  0.00002
 3.00930  5.08197  0.00001
 3.00930  5.08197  0.00000
 3.00930  5.08197  0.00001
 3.00930  5.08197  0.00001
 3.00930  5.08197  0.00001
 3.00930  5.08197  0.00000
 3.00930  5.08197  0.00001
 3.00930  5.08197  0.00001
 3.00930  5.08197  0.00000
 3.40719  5.30220  0.00000
 3.40719  5.30220  0.00000
 3.40719  5.30220  0.00000
 3.40719  5.30220  0.00000
 3.40719  5.30220  0.00000
 3.40719  5.30220  0.00000
 3.40719  5.30220  0.00000
 3.40719  5.30220  0.00000
 3.40719  5.30220  0.00000
 3.40719  5.30220  0.00000
 3.40719  5.30220  0.00000
 3.40719  5.30220  0.00000
 3.85768  5.69348  0.00001
 3.85768  5.69348  0.00002
 3.85768  5.69348  0.00001
 3.85768  5.69348  0.00000
 3.85768  5.69348  0.00001
 3.85768  5.69348  0.00001
 3.85768  5.69348  0.00000
 3.85768  5.69348  0.00001
 3.85768  5.69348  0.00000
 4.36774  6.02587  0.00000
 4.36774  6.02587  0.00001
 4.36774  6.02587  0.00002
 4.36774  6.02587  0.00000
 4.36774  6.02587  0.00001
 4.36774  6.02587  0.00002
 4.36774  6.02587  0.00000
 4.36774  6.02587  0.00001
 4.36774  6.02587  0.00001
 4.36774  6.02587  0.00000
 4.36774  6.02587  0.00000
 4.36774  6.02587  0.00001
 1.29979  1.88381  0.00000
 1.26801  1.85566  0.00001
 1.33299  1.88886  0.00000
 1.33299  1.80441  0.00011
 1.37058  1.87015  0.00000
 1.37058  1.84200  0.00001
 0.36446  0.71967  0.00000
 0.36446  0.70980  0.00052
 0.36446  0.69994  0.00310
 0.36446  0.68020  0.00305
 0.36446  0.68020  0.00062
 0.36446  0.71967  0.00000
 0.36446  0.70980  0.00035
 0.36446  0.69994  0.00211
 0.36446  0.68020  0.00208
 0.36446  0.68020  0.00042
 0.36446  0.68020  0.00037
 1.28603  1.85641  0.00000
 1.28603  1.85641  0.00020
 1.28603  1.85641  0.00118
 1.25425  1.80011  0.00116
 0.41265  0.73826  0.00000
 0.41265  0.73826  0.00020
 0.41265  0.72839  0.00124
 0.41265  0.72839  0.00201
 0.41265  0.70866  0.00045
 0.41265  0.73826  0.00014
 0.41265  0.72839  0.00084
 0.41265  0.72839  0.00136
 0.41265  0.70866  0.00030
 1.36600  1.93275  0.00000
 1.30244  1.87645  0.00008
 1.28655  1.82015  0.00048
 1.28655  1.82015  0.00078
 1.27066  1.82015  0.00018
 0.46721  0.77308  0.00000
 0.46721  0.77308  0.00015
 0.46721  0.77308  0.00204
 0.46721  0.76322  0.00322
 0.46721  0.76322  0.00094
 0.46721  0.77308  0.00133
 0.46721  0.76322  0.00210
 0.46721  0.76322  0.00062
 1.38878  1.93101  0.00000
 1.38878  1.87471  0.00005
 1.38878  1.87471  0.00077
 1.29344  1.87471  0.00123
 1.26167  1.81841  0.00036
 0.52898  0.83486  0.00000
 0.52898  0.81512  0.00018
 0.52898  0.81512  0.00142
 0.52898  0.80526  0.00223
 0.52898  0.80526  0.00117
 0.52898  0.80526  0.00076
 0.59892  0.88507  0.00000
 0.59892  0.87520  0.00003
 0.59892  0.87520  0.00053
 0.59892  0.87520  0.00079
 0.59892  0.85546  0.00003
 0.67811  0.95439  0.00000
 0.67811  0.93465  0.00008
 0.67811  0.93465  0.00116
 0.67811  0.93465  0.00267
 0.67811  0.93465  0.00136
 0.76777  1.02431  0.00000
 0.76777  1.02431  0.00003
 0.76777  1.02431  0.00000
 0.76777  1.02431  0.00002
 0.76777  1.51766  0.00002
 0.76777  1.49793  0.00054
 0.76777  1.49793  0.00165
 0.76777  1.49793  0.00082
 0.76777  1.51766  0.00001
 0.76777  1.49793  0.00034
 0.76777  1.49793  0.00106
 0.76777  1.49793  0.00052
 0.86928  1.61918  0.00000
 0.86928  1.57971  0.00001
 0.86928  1.57971  0.00018
 0.86928  1.54024  0.00089
 0.86928  1.54024  0.00083
 0.86928  1.61918  0.00000
 0.86928  1.57971  0.00000
 0.86928  1.57971  0.00011
 0.86928  1.54024  0.00057
 0.86928  1.54024  0.00053
 0.86928  1.61918  0.00000
 0.86928  1.57971  0.00000
 0.86928  1.57971  0.00010
 0.86928  1.54024  0.00049
 0.86928  1.54024  0.00046
 0.98422  1.63544  0.00000
 0.98422  1.63544  0.00000
 0.98422  1.63544  0.00004
 0.98422  1.63544  0.00028
 0.98422  1.63544  0.00040
 0.98422  1.63544  0.00000
 0.98422  1.63544  0.00000
 0.98422  1.63544  0.00002
 0.98422  1.63544  0.00017
 0.98422  1.63544  0.00025
 0.98422  1.63544  0.00000
 0.98422  1.63544  0.00000
 0.98422  1.63544  0.00002
 0.98422  1.63544  0.00015
 0.98422  1.63544  0.00021
 1.11435  1.72611  0.00000
 1.11435  1.72611  0.00000
 1.11435  1.72611  0.00000
 1.11435  1.70637  0.00003
 1.11435  1.70637  0.00005
 1.11435  1.72611  0.00000
 1.11435  1.72611  0.00000
 1.11435  1.72611  0.00000
 1.11435  1.70637  0.00002
 1.11435  1.70637  0.00003
 1.11435  1.72611  0.00000
 1.11435  1.72611  0.00000
 1.11435  1.72611  0.00000
 1.11435  1.70637  0.00001
 1.11435  1.70637  0.00003
 1.11435  2.18405  0.00002
 1.11435  2.18405  0.00005
 1.11435  2.18405  0.00002
 1.11435  2.18405  0.00003
 1.11435  2.18405  0.00001
 1.11435  2.18405  0.00003
 1.11435  2.18405  0.00001
 1.11435  2.18405  0.00002
 1.26169  1.83398  0.00000
 1.26169  1.83398  0.00000
 1.26169  1.83398  0.00001
 1.26169  1.83398  0.00000
 1.26169  1.83398  0.00000
 1.26169  1.83398  0.00000
 1.26169  1.83398  0.00000
 1.26169  1.83398  0.00001
 1.26169  1.83398  0.00000
 1.26169  1.83398  0.00000
 1.26169  1.83398  0.00000
 1.26169  1.83398  0.00000
 1.26169  1.83398  0.00000
 1.26169  1.83398  0.00000
 1.26169  1.83398  0.00000
 1.26169  1.83398  0.00000
 1.26169  1.83398  0.00000
 1.26169  1.83398  0.00000
 1.26169  1.83398  0.00000
 1.26169  1.83398  0.00000
 1.26169  2.33139  0.00000
 1.26169  2.33139  0.00000
 1.26169  2.33139  0.00001
 1.26169  2.24694  0.00000
 1.26169  2.24694  0.00000
 1.26169  2.33139  0.00000
 1.26169  2.33139  0.00000
 1.26169  2.33139  0.00000
 1.26169  2.24694  0.00000
 1.26169  2.24694  0.00000
 1.26169  2.33139  0.00000
 1.26169  2.33139  0.00000
 1.26169  2.33139  0.00000
 1.26169  2.24694  0.00000
 1.26169  2.24694  0.00000
 1.26169  2.33139  0.00000
 1.26169  2.33139  0.00000
 1.26169  2.33139  0.00000
 1.26169  2.24694  0.00000
 1.26169  2.24694  0.00000
 1.42851  1.98106  0.00000
 1.42851  1.98106  0.00001
 1.42851  1.98106  0.00001
 1.42851  1.98106  0.00000
 1.42851  1.96133  0.00000
 1.42851  1.98106  0.00000
 1.42851  1.98106  0.00000
 1.42851  1.98106  0.00001
 1.42851  1.98106  0.00000
 1.42851  1.96133  0.00000
 1.42851  1.98106  0.00000
 1.42851  1.98106  0.00000
 1.42851  1.98106  0.00001
 1.42851  1.98106  0.00000
 1.42851  1.96133  0.00000
 1.42851  1.98106  0.00000
 1.42851  1.98106  0.00000
 1.42851  1.98106  0.00000
 1.42851  1.98106  0.00000
 1.42851  1.96133  0.00000
 1.42851  2.44191  0.00000
 1.42851  2.44191  0.00001
 1.42851  2.44191  0.00001
 1.42851  2.38561  0.00000
 1.42851  2.38561  0.00000
 1.42851  2.44191  0.00000
 1.42851  2.44191  0.00000
 1.42851  2.44191  0.00001
 1.42851  2.38561  0.00000
 1.42851  2.38561  0.00000
 1.42851  2.44191  0.00000
 1.42851  2.44191  0.00000
 1.42851  2.44191  0.00000
 1.42851  2.38561  0.00000
 1.42851  2.38561  0.00000
 1.42851  2.44191  0.00000
 1.42851  2.44191  0.00000
 1.42851  2.44191  0.00000
 1.42851  2.38561  0.00000
 1.42851  2.38561  0.00000
 1.61739  2.51819  0.00000
 1.61739  2.51819  0.00000
 1.61739  2.49004  0.00000
 1.61739  2.49004  0.00000
 1.61739  2.49004  0.00000
 1.61739  2.51819  0.00000
 1.61739  2.51819  0.00000
 1.61739  2.49004  0.00000
 1.61739  2.49004  0.00000
 1.61739  2.49004  0.00000
 1.61739  2.51819  0.00000
 1.61739  2.51819  0.00000
 1.61739  2.49004  0.00000
 1.61739  2.49004  0.00000
 1.61739  2.49004  0.00000
 1.61739  2.51819  0.00000
 1.61739  2.51819  0.00000
 1.61739  2.49004  0.00000
 1.61739  2.49004  0.00000
 1.61739  2.49004  0.00000
 1.83123  2.70388  0.00000
 1.83123  2.70388  0.00001
 1.83123  2.67573  0.00002
 1.83123  2.67573  0.00001
 1.83123  2.67573  0.00000
 1.83123  2.70388  0.00000
 1.83123  2.70388  0.00000
 1.83123  2.67573  0.00001
 1.83123  2.67573  0.00001
 1.83123  2.67573  0.00000
 1.83123  2.70388  0.00000
 1.83123  2.70388  0.00000
 1.83123  2.67573  0.00001
 1.83123  2.67573  0.00001
 1.83123  2.67573  0.00000
 1.83123  2.70388  0.00000
 1.83123  2.70388  0.00000
 1.83123  2.67573  0.00001
 1.83123  2.67573  0.00000
 1.83123  2.67573  0.00000
 2.07336  2.88971  0.00000
 2.07336  2.88971  0.00000
 2.07336  2.83341  0.00001
 2.07336  2.83341  0.00001
 2.07336  2.83341  0.00000
 2.07336  2.88971  0.00000
 2.07336  2.88971  0.00000
 2.07336  2.83341  0.00000
 2.07336  2.83341  0.00000
 2.07336  2.83341  0.00000
 2.07336  2.88971  0.00000
 2.07336  2.88971  0.00000
 2.07336  2.83341  0.00000
 2.07336  2.83341  0.00000
 2.07336  2.83341  0.00000
 2.07336  2.88971  0.00000
 2.07336  2.88971  0.00000
 2.07336  2.83341  0.00000
 2.07336  2.83341  0.00000
 2.07336  2.83341  0.00000
 2.34750  4.68075  0.00000
 2.34750  4.68075  0.00000
 2.34750  4.68075  0.00002
 2.34750  4.68075  0.00002
 2.34750  4.68075  0.00000
 2.34750  4.68075  0.00000
 2.34750  4.68075  0.00000
 2.34750  4.68075  0.00001
 2.34750  4.68075  0.00001
 2.34750  4.68075  0.00000
 2.34750  4.68075  0.00000
 2.34750  4.68075  0.00000
 2.34750  4.68075  0.00001
 2.34750  4.68075  0.00001
 2.34750  4.68075  0.00000
 2.34750  4.68075  0.00000
 2.34750  4.68075  0.00000
 2.34750  4.68075  0.00001
 2.34750  4.68075  0.00001
 2.34750  4.68075  0.00000
 2.65788  4.87447  0.00000
 2.65788  4.75781  0.00000
 2.65788  4.75781  0.00000
 2.65788  4.75781  0.00000
 2.65788  4.87447  0.00000
 2.65788  4.75781  0.00000
 2.65788  4.75781  0.00000
 2.65788  4.75781  0.00000
 2.65788  4.87447  0.00000
 2.65788  4.75781  0.00000
 2.65788  4.75781  0.00000
 2.65788  4.75781  0.00000
 2.65788  4.87447  0.00000
 2.65788  4.75781  0.00000
 2.65788  4.75781  0.00000
 2.65788  4.75781  0.00000
 3.00930  5.05090  0.00000
 3.00930  5.05090  0.00001
 3.00930  5.05090  0.00002
 3.00930  5.05090  0.00000
 3.00930  5.05090  0.00000
 3.00930  5.05090  0.00001
 3.00930  5.05090  0.00001
 3.00930  5.05090  0.00000
 3.00930  5.05090  0.00000
 3.00930  5.05090  0.00001
 3.00930  5.05090  0.00001
 3.00930  5.05090  0.00000
 3.00930  5.05090  0.00000
 3.00930  5.05090  0.00000
 3.00930  5.05090  0.00001
 3.00930  5.05090  0.00000
 3.40719  5.27379  0.00000
 3.40719  5.27379  0.00001
 3.40719  5.27379  0.00001
 3.40719  5.27379  0.00001
 3.40719  5.27379  0.00000
 3.40719  5.27379  0.00000
 3.40719  5.27379  0.00001
 3.40719  5.27379  0.00001
 3.40719  5.27379  0.00000
 3.40719  5.27379  0.00000
 3.40719  5.27379  0.00001
 3.40719  5.27379  0.00001
 3.40719  5.27379  0.00000
 3.40719  5.27379  0.00000
 3.40719  5.27379  0.00001
 3.40719  5.27379  0.00000
53.92544 ********  0.00000
53.92544 ********  0.00000
53.92544 ********  0.00000
53.92544 ********  0.00000
 3.85768  5.66596  0.00000
 3.85768  5.66596  0.00001
 3.85768  5.66596  0.00003
 3.85768  5.66596  0.00002
 3.85768  5.66596  0.00000
 3.85768  5.66596  0.00001
 3.85768  5.66596  0.00002
 3.85768  5.66596  0.00001
 3.85768  5.66596  0.00000
 3.85768  5.66596  0.00001
 3.85768  5.66596  0.00002
 3.85768  5.66596  0.00001
 3.85768  5.66596  0.00001
 3.85768  5.66596  0.00001
54.37594 ********  0.00000
54.37594 ********  0.00000
54.37594 ********  0.00000
54.37594 ********  0.00000
 4.36774  6.00102  0.00000
 4.36774  6.00102  0.00000
 4.36774  6.00102  0.00000
 4.36774  6.00102  0.00000
 4.36774  6.00102  0.00000
 4.36774  6.00102  0.00000
 4.36774  6.00102  0.00000
 4.36774  6.00102  0.00000
 4.36774  6.00102  0.00000
 4.36774  6.00102  0.00000
 4.36774  6.00102  0.00000
 4.36774  6.00102  0.00000
