 0.15280  0.46974  0.00577
 0.15280  0.46974  0.00601
 0.17301  0.47233  0.00311
 0.17301  0.47233  0.00324
 0.17301  0.47233  0.00207
 0.17301  0.47233  0.00215
 0.32190  1.02619  0.00422
 0.32190  1.02619  0.00262
 0.32190  1.02619  0.00224
 1.51275  3.44461  0.00129
 0.36446  1.05114  0.00415
 0.36446  1.03354  0.00258
 0.36446  1.03354  0.00220
 1.51120  3.43512  0.00145
 0.41265  1.06412  0.00399
 0.41265  1.06412  0.00248
 0.41265  1.06412  0.00212
 0.41265  1.54288  0.00379
 0.41265  1.54288  0.00235
 0.41265  1.54288  0.00201
 0.52898  1.12763  0.00405
 0.52898  1.12763  0.00251
 0.52898  1.12763  0.00215
 0.52898  1.63410  0.00346
 0.52898  1.58387  0.00215
 0.52898  1.58387  0.00184
 0.13496  0.49798  0.00169
 0.13496  0.49798  0.00116
 0.13496  0.49798  0.00005
 0.15280  0.49721  0.00046
 0.15280  0.49721  0.00080
 0.15280  0.49721  0.00002
 0.19588  0.50306  0.00001
 0.19588  0.50306  0.00322
 0.19588  0.50306  0.00502
 0.19588  0.50306  0.00014
 0.19588  0.50306  0.00000
 0.19588  0.50306  0.00219
 0.19588  0.50306  0.00341
 0.19588  0.50306  0.00009
 0.22178  0.51034  0.00234
 0.22178  0.51034  0.00204
 0.22178  0.51034  0.00036
 0.22178  0.51034  0.00159
 0.22178  0.51034  0.00138
 0.22178  0.51034  0.00024
 0.25111  0.53035  0.00079
 0.25111  0.53035  0.00151
 0.25111  0.53035  0.00116
 0.25111  0.53035  0.00054
 0.25111  0.53035  0.00102
 0.25111  0.53035  0.00078
 0.36446  1.10912  0.00031
 0.36446  1.10912  0.00167
 0.36446  1.10912  0.00177
 0.36446  1.09050  0.00021
 0.36446  1.09050  0.00106
 0.36446  1.09050  0.00110
 0.36446  1.09050  0.00019
 0.36446  1.09050  0.00091
 0.36446  1.09050  0.00094
 0.41265  1.12008  0.00054
 0.41265  1.12008  0.00291
 0.41265  1.12008  0.00035
 0.41265  1.12008  0.00184
 0.41265  1.10146  0.00031
 0.41265  1.12008  0.00158
 0.41265  1.63422  0.00049
 0.41265  1.63422  0.00260
 0.41265  1.63422  0.00032
 0.41265  1.63422  0.00164
 0.41265  1.63422  0.00027
 0.41265  1.63422  0.00141
 0.46721  1.15602  0.00022
 0.46721  1.15602  0.00133
 0.46721  1.15602  0.00015
 0.46721  1.15602  0.00085
 0.46721  1.15602  0.00013
 0.46721  1.15602  0.00075
 0.46721  1.60911  0.00018
 0.46721  1.60911  0.00121
 0.46721  1.60911  0.00013
 0.46721  1.60911  0.00077
 0.46721  1.60911  0.00011
 0.46721  1.60911  0.00067
 0.52898  1.16194  0.00025
 0.52898  1.16194  0.00144
 0.52898  1.16194  0.00017
 0.52898  1.16194  0.00091
 0.52898  1.16194  0.00015
 0.52898  1.16194  0.00079
 0.52898  1.64433  0.00021
 0.52898  1.64433  0.00122
 0.52898  1.64433  0.00014
 0.52898  1.64433  0.00078
 0.52898  1.64433  0.00013
 0.52898  1.64433  0.00068
 0.59892  1.21327  0.00216
 0.59892  1.21327  0.00134
 0.59892  1.21327  0.00115
 0.59892  1.68772  0.00192
 0.59892  1.68772  0.00119
 0.59892  1.68772  0.00102
 0.76777  1.80345  0.00028
 0.76777  1.80345  0.00018
 0.76777  1.80345  0.00015
 0.86928  1.85185  0.00017
 0.86928  1.85185  0.00011
 0.86928  1.85185  0.00009
 2.07336  4.38455  0.00000
 2.07336  4.38455  0.00000
 2.07336  4.38455  0.00000
 2.07336  4.38455  0.00000
 0.13496  0.52224  0.00004
 0.13496  0.52224  0.00115
 0.13496  0.52224  0.00113
 0.13496  0.52224  0.00001
 0.15280  0.52072  0.00001
 0.15280  0.52072  0.00053
 0.15280  0.52072  0.00050
 0.15280  0.52072  0.00001
 0.17301  0.52156  0.00003
 0.17301  0.52156  0.00001
 0.19588  0.52507  0.00004
 0.19588  0.52507  0.00384
 0.19588  0.52507  0.00431
 0.19588  0.52507  0.00015
 0.19588  0.52507  0.00003
 0.19588  0.52507  0.00260
 0.19588  0.52507  0.00292
 0.19588  0.52507  0.00010
 0.22178  0.53160  0.00000
 0.22178  0.53160  0.00108
 0.22178  0.53160  0.00331
 0.22178  0.53160  0.00021
 0.22178  0.53160  0.00000
 0.22178  0.53160  0.00073
 0.22178  0.53160  0.00225
 0.22178  0.53160  0.00014
 0.25111  0.54156  0.00000
 0.25111  0.54156  0.00018
 0.25111  0.54156  0.00061
 0.25111  0.54156  0.00005
 0.25111  0.54156  0.00000
 0.25111  0.54156  0.00012
 0.25111  0.54156  0.00041
 0.25111  0.54156  0.00003
 1.52894  3.91429  0.00000
 1.52894  3.91429  0.00004
 1.52894  3.91429  0.00015
 1.52894  3.91429  0.00001
 0.28431  1.11695  0.00025
 0.28431  1.11695  0.00074
 0.28431  1.11695  0.00008
 0.28431  1.09759  0.00017
 0.28431  1.09759  0.00051
 0.28431  1.09759  0.00006
 0.28431  1.09759  0.00015
 0.28431  1.09759  0.00045
 0.28431  1.09759  0.00005
 1.53891  3.83302  0.00009
 1.53891  3.83302  0.00027
 1.53891  3.83302  0.00003
 0.36446  1.13901  0.00000
 0.36446  1.13901  0.00070
 0.36446  1.13901  0.00359
 0.36446  1.13901  0.00088
 0.36446  1.13901  0.00000
 0.36446  1.13901  0.00045
 0.36446  1.13901  0.00234
 0.36446  1.13901  0.00057
 0.36446  1.13901  0.00000
 0.36446  1.13901  0.00040
 0.36446  1.13901  0.00204
 0.36446  1.13901  0.00049
 0.41265  1.16784  0.00010
 0.41265  1.16784  0.00136
 0.41265  1.16784  0.00089
 0.41265  1.16784  0.00007
 0.41265  1.16784  0.00086
 0.41265  1.16784  0.00056
 0.41265  1.16784  0.00006
 0.41265  1.16784  0.00074
 0.41265  1.16784  0.00049
 0.46721  1.18367  0.00003
 0.46721  1.18367  0.00076
 0.46721  1.18367  0.00092
 0.46721  1.18367  0.00002
 0.46721  1.18367  0.00049
 0.46721  1.18367  0.00059
 0.46721  1.18367  0.00002
 0.46721  1.18367  0.00042
 0.46721  1.18367  0.00051
 0.46721  1.73782  0.00003
 0.46721  1.73782  0.00067
 0.46721  1.73782  0.00081
 0.46721  1.73782  0.00002
 0.46721  1.73782  0.00043
 0.46721  1.73782  0.00052
 0.46721  1.73782  0.00002
 0.46721  1.73782  0.00037
 0.46721  1.73782  0.00045
 0.52898  1.22608  0.00002
 0.52898  1.22608  0.00096
 0.52898  1.22608  0.00145
 0.52898  1.22608  0.00002
 0.52898  1.22608  0.00061
 0.52898  1.22608  0.00092
 0.52898  1.22608  0.00001
 0.52898  1.22608  0.00053
 0.52898  1.22608  0.00079
 0.52898  1.79959  0.00002
 0.52898  1.77197  0.00085
 0.52898  1.77197  0.00129
 0.52898  1.79959  0.00001
 0.52898  1.71673  0.00054
 0.52898  1.77197  0.00081
 0.52898  1.71673  0.00001
 0.52898  1.71673  0.00047
 0.52898  1.71673  0.00070
 0.59892  1.29602  0.00000
 0.59892  1.29602  0.00032
 0.59892  1.29602  0.00184
 0.59892  1.25729  0.00000
 0.59892  1.25729  0.00020
 0.59892  1.25729  0.00115
 0.59892  1.25729  0.00000
 0.59892  1.25729  0.00018
 0.59892  1.25729  0.00099
 0.59892  1.81429  0.00000
 0.59892  1.81429  0.00028
 0.59892  1.81429  0.00161
 0.59892  1.75904  0.00000
 0.59892  1.75904  0.00018
 0.59892  1.75904  0.00101
 0.59892  1.75904  0.00000
 0.59892  1.75904  0.00015
 0.59892  1.75904  0.00087
 0.67811  1.83823  0.00001
 0.67811  1.83823  0.00011
 0.67811  1.83823  0.00000
 0.67811  1.83823  0.00007
 0.67811  1.83823  0.00000
 0.67811  1.83823  0.00006
 0.76777  1.87265  0.00001
 0.76777  1.87265  0.00017
 0.76777  1.87265  0.00001
 0.76777  1.87265  0.00011
 0.76777  1.87265  0.00001
 0.76777  1.87265  0.00009
 0.86928  1.91892  0.00001
 0.86928  1.91892  0.00048
 0.86928  1.91892  0.00001
 0.86928  1.91892  0.00030
 0.86928  1.91892  0.00001
 0.86928  1.91892  0.00026
 0.98422  1.97861  0.00001
 0.98422  1.97861  0.00001
 0.98422  1.97861  0.00001
 1.42851  4.17590  0.00000
 1.42851  4.17590  0.00000
 1.42851  4.17590  0.00000
 1.42851  4.17590  0.00000
 1.61739  4.19306  0.00000
 1.61739  4.19306  0.00000
 1.61739  4.19306  0.00000
 1.61739  4.19306  0.00000
 1.61739  4.19306  0.00000
 1.61739  4.19306  0.00000
 1.61739  4.19306  0.00000
 1.61739  4.19306  0.00000
 1.83123  4.46415  0.00000
 1.83123  4.46415  0.00000
 1.83123  4.46415  0.00000
 1.83123  4.46415  0.00000
 1.83123  4.46415  0.00000
 1.83123  4.46415  0.00000
 1.83123  4.46415  0.00000
 1.83123  4.46415  0.00000
 1.83123  4.46415  0.00000
 1.83123  4.46415  0.00000
 1.83123  4.46415  0.00000
 1.83123  4.46415  0.00000
 2.07336  4.47732  0.00000
 2.07336  4.47732  0.00000
 2.07336  4.47732  0.00000
 2.07336  4.47732  0.00000
 2.07336  4.47732  0.00000
 2.07336  4.47732  0.00000
 2.07336  4.47732  0.00000
 2.07336  4.47732  0.00000
 0.13496  0.53195  0.00000
 0.13496  0.53195  0.00007
 0.13496  0.53195  0.00086
 0.13496  0.53195  0.00125
 0.13496  0.53195  0.00007
 0.15280  0.52994  0.00000
 0.15280  0.52994  0.00005
 0.15280  0.52994  0.00115
 0.15280  0.52994  0.00091
 0.15280  0.52994  0.00003
 0.17301  0.53029  0.00001
 0.17301  0.53029  0.00029
 0.17301  0.53029  0.00041
 0.17301  0.53029  0.00003
 0.19588  0.54325  0.00036
 0.19588  0.54325  0.00433
 0.19588  0.53332  0.00490
 0.19588  0.53332  0.00039
 0.19588  0.54325  0.00024
 0.19588  0.54325  0.00294
 0.19588  0.53332  0.00333
 0.19588  0.53332  0.00026
 0.22178  0.54930  0.00000
 0.22178  0.54930  0.00001
 0.22178  0.54930  0.00000
 0.22178  0.54930  0.00000
 0.22178  0.54930  0.00001
 0.22178  0.54930  0.00000
 1.53540  4.03547  0.00000
 1.53540  4.03547  0.00000
 1.53540  4.03547  0.00000
 0.25111  0.55877  0.00003
 0.25111  0.55877  0.00040
 0.25111  0.55877  0.00064
 0.25111  0.55877  0.00009
 0.25111  0.55877  0.00002
 0.25111  0.55877  0.00027
 0.25111  0.55877  0.00044
 0.25111  0.55877  0.00006
 1.56473  4.00612  0.00001
 1.56473  4.00612  0.00009
 1.56473  4.00612  0.00016
 1.51781  4.00612  0.00002
 0.28431  0.57212  0.00002
 0.28431  0.57212  0.00085
 0.28431  0.57212  0.00239
 0.28431  0.57212  0.00034
 0.28431  0.57212  0.00002
 0.28431  0.57212  0.00058
 0.28431  0.57212  0.00162
 0.28431  0.57212  0.00023
 1.55101  3.98065  0.00001
 1.55101  3.98065  0.00021
 1.55101  3.98065  0.00058
 1.55101  3.92198  0.00009
 0.36446  1.15843  0.00000
 0.36446  1.15843  0.00072
 0.36446  1.15843  0.00242
 0.36446  1.15843  0.00046
 0.36446  1.15843  0.00000
 0.36446  1.15843  0.00047
 0.36446  1.15843  0.00159
 0.36446  1.15843  0.00031
 0.36446  1.15843  0.00000
 0.36446  1.15843  0.00041
 0.36446  1.15843  0.00141
 0.36446  1.15843  0.00028
 0.41265  1.18677  0.00000
 0.41265  1.18677  0.00054
 0.41265  1.18677  0.00208
 0.41265  1.18677  0.00039
 0.41265  1.18677  0.00000
 0.41265  1.18677  0.00033
 0.41265  1.18677  0.00131
 0.41265  1.18677  0.00025
 0.41265  1.18677  0.00000
 0.41265  1.18677  0.00029
 0.41265  1.18677  0.00112
 0.41265  1.18677  0.00021
 0.46721  1.22148  0.00000
 0.46721  1.22148  0.00013
 0.46721  1.22148  0.00140
 0.46721  1.22148  0.00069
 0.46721  1.22148  0.00000
 0.46721  1.22148  0.00009
 0.46721  1.22148  0.00091
 0.46721  1.22148  0.00045
 0.46721  1.22148  0.00000
 0.46721  1.22148  0.00008
 0.46721  1.22148  0.00080
 0.46721  1.22148  0.00040
 0.46721  1.76967  0.00000
 0.46721  1.76967  0.00012
 0.46721  1.76967  0.00125
 0.46721  1.76967  0.00061
 0.46721  1.76967  0.00000
 0.46721  1.76967  0.00008
 0.46721  1.76967  0.00081
 0.46721  1.76967  0.00040
 0.46721  1.76967  0.00000
 0.46721  1.76967  0.00007
 0.46721  1.76967  0.00071
 0.46721  1.76967  0.00035
 0.52898  1.28325  0.00006
 0.52898  1.26340  0.00149
 0.52898  1.26340  0.00118
 0.52898  1.24355  0.00004
 0.52898  1.24355  0.00095
 0.52898  1.24355  0.00075
 0.52898  1.24355  0.00003
 0.52898  1.24355  0.00083
 0.52898  1.24355  0.00065
 0.52898  1.83144  0.00005
 0.52898  1.83144  0.00131
 0.52898  1.83144  0.00104
 0.52898  1.83144  0.00003
 0.52898  1.83144  0.00084
 0.52898  1.83144  0.00066
 0.52898  1.83144  0.00003
 0.52898  1.83144  0.00073
 0.52898  1.83144  0.00057
 0.59892  1.33334  0.00000
 0.59892  1.33334  0.00007
 0.59892  1.33334  0.00081
 0.59892  1.33334  0.00106
 0.59892  1.33334  0.00000
 0.59892  1.33334  0.00005
 0.59892  1.33334  0.00051
 0.59892  1.33334  0.00067
 0.59892  1.33334  0.00000
 0.59892  1.33334  0.00004
 0.59892  1.33334  0.00044
 0.59892  1.33334  0.00058
 0.59892  1.84476  0.00000
 0.59892  1.84476  0.00006
 0.59892  1.84476  0.00071
 0.59892  1.84476  0.00093
 0.59892  1.84476  0.00000
 0.59892  1.84476  0.00004
 0.59892  1.84476  0.00045
 0.59892  1.84476  0.00059
 0.67811  1.37284  0.00000
 0.67811  1.37284  0.00016
 0.67811  1.37284  0.00049
 0.67811  1.37284  0.00000
 0.67811  1.37284  0.00010
 0.67811  1.37284  0.00031
 0.67811  1.86732  0.00000
 0.67811  1.86732  0.00014
 0.67811  1.86732  0.00043
 0.67811  1.86732  0.00000
 0.67811  1.86732  0.00009
 0.67811  1.86732  0.00027
 0.67811  1.86732  0.00000
 0.67811  1.86732  0.00007
 0.67811  1.86732  0.00023
 0.76777  1.90035  0.00000
 0.76777  1.90035  0.00003
 0.76777  1.90035  0.00013
 0.76777  1.90035  0.00000
 0.76777  1.90035  0.00002
 0.76777  1.90035  0.00008
 0.76777  1.90035  0.00000
 0.76777  1.90035  0.00001
 0.76777  1.90035  0.00007
 0.86928  2.00186  0.00000
 0.86928  1.94523  0.00007
 0.86928  1.94523  0.00070
 0.86928  2.00186  0.00000
 0.86928  1.94523  0.00005
 0.86928  1.94523  0.00044
 0.86928  2.00186  0.00000
 0.86928  1.94523  0.00004
 0.86928  1.94523  0.00038
 0.98422  2.06017  0.00000
 0.98422  2.06017  0.00006
 0.98422  2.06017  0.00000
 0.98422  2.06017  0.00004
 0.98422  2.06017  0.00000
 0.98422  2.06017  0.00003
 1.11435  4.22397  0.00000
 1.11435  4.22397  0.00000
 1.11435  4.22397  0.00000
 1.11435  4.22397  0.00000
 1.11435  4.22397  0.00000
 1.11435  4.22397  0.00000
 1.11435  4.22397  0.00000
 1.11435  4.22397  0.00000
 1.11435  4.22397  0.00000
 1.11435  4.22397  0.00000
 1.11435  4.22397  0.00000
 1.11435  4.22397  0.00000
 1.11435  4.22397  0.00000
 1.11435  4.22397  0.00000
 1.11435  4.22397  0.00000
 1.11435  4.22397  0.00000
 1.26169  4.31264  0.00000
 1.26169  4.31264  0.00000
 1.26169  4.31264  0.00000
 1.26169  4.31264  0.00000
 1.26169  4.31264  0.00000
 1.26169  4.31264  0.00000
 1.26169  4.31264  0.00000
 1.26169  4.31264  0.00000
 1.26169  4.31264  0.00000
 1.26169  4.31264  0.00000
 1.26169  4.31264  0.00000
 1.26169  4.31264  0.00000
 1.26169  4.31264  0.00000
 1.26169  4.31264  0.00000
 1.26169  4.31264  0.00000
 1.26169  4.31264  0.00000
 1.42851  4.24477  0.00000
 1.42851  4.24477  0.00000
 1.42851  4.24477  0.00000
 1.42851  4.24477  0.00000
 1.42851  4.24477  0.00000
 1.42851  4.24477  0.00000
 1.42851  4.24477  0.00000
 1.42851  4.24477  0.00000
 1.42851  4.24477  0.00000
 1.42851  4.24477  0.00000
 1.42851  4.24477  0.00000
 1.42851  4.24477  0.00000
 1.42851  4.24477  0.00000
 1.42851  4.24477  0.00000
 1.42851  4.24477  0.00000
 1.42851  4.24477  0.00000
 1.61739  4.49232  0.00000
 1.61739  4.49232  0.00000
 1.61739  4.49232  0.00000
 1.61739  4.49232  0.00000
 1.61739  4.49232  0.00000
 1.61739  4.49232  0.00000
 1.61739  4.49232  0.00000
 1.61739  4.49232  0.00000
 1.61739  4.49232  0.00000
 1.61739  4.49232  0.00000
 1.61739  4.49232  0.00000
 1.61739  4.49232  0.00000
 1.83123  4.58882  0.00000
 1.83123  4.58882  0.00000
 1.83123  4.58882  0.00000
 1.83123  4.58882  0.00000
 1.83123  4.58882  0.00000
 1.83123  4.58882  0.00000
 1.83123  4.58882  0.00000
 1.83123  4.58882  0.00000
 1.83123  4.58882  0.00000
 1.83123  4.58882  0.00000
 1.83123  4.58882  0.00000
 1.83123  4.58882  0.00000
 2.07336  4.65493  0.00000
 2.07336  4.65493  0.00001
 2.07336  4.65493  0.00000
 2.07336  4.65493  0.00000
 2.07336  4.65493  0.00000
 2.07336  4.65493  0.00000
 2.07336  4.65493  0.00000
 2.07336  4.65493  0.00000
 2.07336  4.65493  0.00000
 2.07336  4.65493  0.00000
 2.07336  4.65493  0.00000
 2.07336  4.65493  0.00000
 2.07336  4.65493  0.00000
 2.07336  4.65493  0.00000
 2.07336  4.65493  0.00000
 2.07336  4.65493  0.00000
 0.13496  0.53642  0.00000
 0.13496  0.53642  0.00005
 0.13496  0.53642  0.00070
 0.13496  0.53642  0.00074
 0.13496  0.53642  0.00005
 0.15280  0.54422  0.00000
 0.15280  0.54422  0.00008
 0.15280  0.54422  0.00089
 0.15280  0.54422  0.00093
 0.15280  0.54422  0.00010
 0.17301  0.54435  0.00000
 0.17301  0.54435  0.00006
 0.17301  0.54435  0.00106
 0.17301  0.54435  0.00139
 0.17301  0.54435  0.00015
 0.19588  0.54716  0.00000
 0.19588  0.54716  0.00007
 0.19588  0.54716  0.00079
 0.19588  0.54716  0.00059
 0.19588  0.54716  0.00000
 0.19588  0.54716  0.00005
 0.19588  0.54716  0.00054
 0.19588  0.54716  0.00040
 1.55526  4.11184  0.00017
 0.22178  0.55298  0.00000
 0.22178  0.55298  0.00044
 0.22178  0.55298  0.00285
 0.22178  0.55298  0.00263
 0.22178  0.55298  0.00035
 0.22178  0.55298  0.00000
 0.22178  0.55298  0.00030
 0.22178  0.55298  0.00193
 0.22178  0.55298  0.00179
 0.22178  0.55298  0.00024
 1.53429  4.13774  0.00000
 1.60460  4.19707  0.00010
 1.60460  4.19707  0.00068
 1.53429  4.13774  0.00063
 1.53429  4.07841  0.00009
 0.25111  0.56223  0.00000
 0.25111  0.56223  0.00003
 0.25111  0.56223  0.00047
 0.25111  0.56223  0.00070
 0.25111  0.56223  0.00010
 0.25111  0.56223  0.00000
 0.25111  0.56223  0.00002
 0.25111  0.56223  0.00032
 0.25111  0.56223  0.00048
 0.25111  0.56223  0.00007
 1.56361  4.04840  0.00000
 1.58705  4.16706  0.00001
 1.58705  4.16706  0.00012
 1.58705  4.16706  0.00019
 1.56361  4.16706  0.00003
 0.28431  0.58540  0.00000
 0.28431  0.58540  0.00008
 0.28431  0.58540  0.00125
 0.28431  0.58540  0.00210
 0.28431  0.58540  0.00043
 0.28431  0.58540  0.00000
 0.28431  0.58540  0.00006
 0.28431  0.58540  0.00085
 0.28431  0.58540  0.00142
 0.28431  0.57536  0.00029
 1.64369  4.14093  0.00000
 1.64369  4.14093  0.00002
 1.64369  4.08160  0.00031
 1.64369  4.08160  0.00053
 1.54994  4.14093  0.00011
 0.36446  1.22759  0.00000
 0.36446  1.20751  0.00003
 0.36446  1.20751  0.00063
 0.36446  1.20751  0.00148
 0.36446  1.16737  0.00042
 0.36446  1.20751  0.00000
 0.36446  1.20751  0.00002
 0.36446  1.16737  0.00043
 0.36446  1.16737  0.00101
 0.36446  1.16737  0.00028
 0.36446  1.20751  0.00000
 0.36446  1.20751  0.00002
 0.36446  1.16737  0.00038
 0.36446  1.16737  0.00090
 0.36446  1.16737  0.00025
 0.41265  1.21556  0.00001
 0.41265  1.21556  0.00104
 0.41265  1.21556  0.00183
 0.41265  1.21556  0.00035
 0.41265  1.21556  0.00000
 0.41265  1.21556  0.00065
 0.41265  1.21556  0.00116
 0.41265  1.21556  0.00022
 0.41265  1.21556  0.00000
 0.41265  1.21556  0.00056
 0.41265  1.21556  0.00100
 0.41265  1.21556  0.00019
 0.46721  1.27012  0.00001
 0.46721  1.27012  0.00066
 0.46721  1.25004  0.00175
 0.46721  1.25004  0.00047
 0.46721  1.27012  0.00000
 0.46721  1.27012  0.00041
 0.46721  1.25004  0.00111
 0.46721  1.25004  0.00030
 0.46721  1.27012  0.00000
 0.46721  1.27012  0.00036
 0.46721  1.25004  0.00096
 0.46721  1.25004  0.00026
 0.46721  1.81297  0.00000
 0.46721  1.81297  0.00059
 0.46721  1.81297  0.00157
 0.46721  1.81297  0.00042
 0.46721  1.81297  0.00000
 0.46721  1.81297  0.00037
 0.46721  1.81297  0.00100
 0.46721  1.81297  0.00027
 0.46721  1.81297  0.00000
 0.46721  1.81297  0.00032
 0.46721  1.81297  0.00086
 0.46721  1.81297  0.00023
 0.52898  1.29175  0.00000
 0.52898  1.29175  0.00023
 0.52898  1.29175  0.00176
 0.52898  1.29175  0.00123
 0.52898  1.29175  0.00000
 0.52898  1.29175  0.00015
 0.52898  1.29175  0.00114
 0.52898  1.29175  0.00079
 0.52898  1.29175  0.00000
 0.52898  1.27167  0.00013
 0.52898  1.29175  0.00100
 0.52898  1.29175  0.00070
 0.52898  1.84611  0.00000
 0.52898  1.84611  0.00021
 0.52898  1.84611  0.00155
 0.52898  1.84611  0.00108
 0.52898  1.84611  0.00000
 0.52898  1.84611  0.00013
 0.52898  1.84611  0.00101
 0.52898  1.84611  0.00070
 0.52898  1.84611  0.00062
 0.59892  1.34161  0.00002
 0.59892  1.34161  0.00062
 0.59892  1.34161  0.00036
 0.59892  1.34161  0.00001
 0.59892  1.34161  0.00040
 0.59892  1.34161  0.00023
 0.59892  1.91605  0.00002
 0.59892  1.88742  0.00054
 0.59892  1.85878  0.00031
 0.59892  1.91605  0.00001
 0.59892  1.85878  0.00035
 0.59892  1.85878  0.00020
 0.67811  1.42080  0.00000
 0.67811  1.42080  0.00016
 0.67811  1.42080  0.00081
 0.67811  1.38066  0.00081
 0.67811  1.42080  0.00000
 0.67811  1.42080  0.00010
 0.67811  1.38066  0.00051
 0.67811  1.38066  0.00052
 0.67811  1.93797  0.00000
 0.67811  1.93797  0.00014
 0.67811  1.93797  0.00071
 0.67811  1.90934  0.00072
 0.67811  1.90934  0.00000
 0.67811  1.93797  0.00008
 0.67811  1.90934  0.00045
 0.67811  1.90934  0.00046
 0.67811  1.90934  0.00000
 0.67811  1.93797  0.00007
 0.67811  1.90934  0.00039
 0.67811  1.90934  0.00039
 0.76777  1.94173  0.00000
 0.76777  1.94173  0.00000
 0.76777  1.99900  0.00001
 0.76777  1.99900  0.00021
 0.76777  1.94173  0.00032
 0.76777  1.94173  0.00000
 0.76777  1.94173  0.00000
 0.76777  1.94173  0.00001
 0.76777  1.94173  0.00013
 0.76777  1.94173  0.00020
 0.76777  1.94173  0.00000
 0.76777  1.94173  0.00000
 0.76777  1.94173  0.00001
 0.76777  1.94173  0.00011
 0.76777  1.94173  0.00017
 0.86928  2.07188  0.00000
 0.86928  2.07188  0.00000
 0.86928  1.98598  0.00001
 0.86928  1.98598  0.00020
 0.86928  1.98598  0.00060
 0.86928  2.07188  0.00000
 0.86928  2.07188  0.00000
 0.86928  1.98598  0.00000
 0.86928  1.98598  0.00012
 0.86928  1.98598  0.00038
 0.86928  2.07188  0.00000
 0.86928  2.07188  0.00000
 0.86928  1.98598  0.00000
 0.86928  1.98598  0.00011
 0.86928  1.98598  0.00032
 0.98422  2.10091  0.00000
 0.98422  2.10091  0.00000
 0.98422  2.10091  0.00000
 0.98422  2.10091  0.00002
 0.98422  2.10091  0.00019
 0.98422  2.10091  0.00000
 0.98422  2.10091  0.00000
 0.98422  2.10091  0.00000
 0.98422  2.10091  0.00001
 0.98422  2.10091  0.00012
 0.98422  2.10091  0.00000
 0.98422  2.10091  0.00000
 0.98422  2.10091  0.00000
 0.98422  2.10091  0.00001
 0.98422  2.10091  0.00010
 1.11435  4.43698  0.00000
 1.11435  4.43698  0.00000
 1.11435  4.43698  0.00000
 1.11435  4.43698  0.00000
 1.11435  4.43698  0.00002
 1.11435  4.43698  0.00000
 1.11435  4.43698  0.00000
 1.11435  4.43698  0.00000
 1.11435  4.31832  0.00000
 1.11435  4.31832  0.00001
 1.11435  4.43698  0.00000
 1.11435  4.43698  0.00000
 1.11435  4.43698  0.00000
 1.11435  4.25898  0.00000
 1.11435  4.25898  0.00001
 1.11435  4.43698  0.00000
 1.11435  4.43698  0.00000
 1.11435  4.43698  0.00000
 1.11435  4.43698  0.00000
 1.11435  4.43698  0.00001
 1.26169  4.34699  0.00000
 1.26169  4.34699  0.00000
 1.26169  4.34699  0.00000
 1.26169  4.34699  0.00000
 1.26169  4.34699  0.00000
 1.26169  4.34699  0.00000
 1.26169  4.34699  0.00000
 1.26169  4.34699  0.00000
 1.26169  4.34699  0.00000
 1.26169  4.34699  0.00000
 1.26169  4.34699  0.00000
 1.26169  4.34699  0.00000
 1.26169  4.34699  0.00000
 1.26169  4.34699  0.00000
 1.26169  4.34699  0.00000
 1.26169  4.34699  0.00000
 1.42851  4.39514  0.00000
 1.42851  4.39514  0.00000
 1.42851  4.39514  0.00000
 1.42851  4.39514  0.00000
 1.42851  4.39514  0.00000
 1.42851  4.39514  0.00000
 1.42851  4.39514  0.00000
 1.42851  4.39514  0.00000
 1.42851  4.39514  0.00000
 1.42851  4.39514  0.00000
 1.42851  4.39514  0.00000
 1.42851  4.39514  0.00000
 1.42851  4.39514  0.00000
 1.42851  4.39514  0.00000
 1.42851  4.39514  0.00000
 1.42851  4.39514  0.00000
 1.61739  4.52469  0.00000
 1.61739  4.52469  0.00000
 1.61739  4.52469  0.00001
 1.61739  4.52469  0.00000
 1.61739  4.52469  0.00000
 1.61739  4.52469  0.00000
 1.61739  4.52469  0.00000
 1.61739  4.52469  0.00000
 1.61739  4.52469  0.00000
 1.61739  4.52469  0.00000
 1.61739  4.52469  0.00000
 1.61739  4.52469  0.00000
 1.61739  4.52469  0.00000
 1.61739  4.52469  0.00000
 1.61739  4.52469  0.00000
 1.61739  4.52469  0.00000
 1.61739  4.52469  0.00000
 1.61739  4.52469  0.00000
 1.61739  4.52469  0.00000
 1.61739  4.52469  0.00000
 1.83123  4.61987  0.00000
 1.83123  4.61987  0.00000
 1.83123  4.61987  0.00000
 1.83123  4.61987  0.00000
 1.83123  4.61987  0.00000
 1.83123  4.61987  0.00000
 1.83123  4.61987  0.00000
 1.83123  4.61987  0.00000
 1.83123  4.61987  0.00000
 1.83123  4.61987  0.00000
 1.83123  4.61987  0.00000
 1.83123  4.61987  0.00000
 1.83123  4.61987  0.00000
 1.83123  4.61987  0.00000
 1.83123  4.61987  0.00000
 1.83123  4.61987  0.00000
 2.07336  4.68400  0.00000
 2.07336  4.68400  0.00000
 2.07336  4.68400  0.00000
 2.07336  4.68400  0.00000
 2.07336  4.68400  0.00000
 2.07336  4.68400  0.00000
 2.07336  4.68400  0.00000
 2.07336  4.68400  0.00000
 2.07336  4.68400  0.00000
 2.07336  4.68400  0.00000
 2.07336  4.68400  0.00000
 2.07336  4.68400  0.00000
 1.52945  4.50066  0.00001
 1.52945  4.32300  0.00141
 1.52945  4.32300  0.00372
 1.52976  4.50096  0.00000
 1.52976  4.32331  0.00000
 1.53052  4.50172  0.00000
 1.53052  4.32406  0.00001
 1.53052  4.32406  0.00000
 1.53143  4.50264  0.00000
 1.53143  4.32498  0.00000
 1.51163  4.32834  0.00004
 1.53551  4.44749  0.00000
 1.51233  4.32905  0.00016
 1.51233  4.32905  0.00012
 1.49586  4.33575  0.00000
 1.49754  4.33743  0.00001
 1.55987  4.41263  0.00000
 1.55987  4.41263  0.00001
 1.51352  4.29419  0.00005
 1.51352  4.29419  0.00000
 1.56389  4.41665  0.00000
 1.56389  4.41665  0.00001
 1.49437  4.29821  0.00000
 1.49437  4.29821  0.00000
 1.56844  4.42120  0.00000
 1.59161  4.30276  0.00007
 1.49892  4.30276  0.00022
 1.49892  4.30276  0.00006
 1.57359  4.42636  0.00000
 1.57359  4.30792  0.00000
 1.50407  4.24870  0.00003
 1.50407  4.24870  0.00008
 1.57943  4.31376  0.00002
 1.50991  4.25454  0.00024
 1.50991  4.25454  0.00017
 1.53969  4.43880  0.00000
 1.53969  4.32036  0.00000
 1.53969  4.32036  0.00030
 1.49334  4.26114  0.00003
 0.15280  0.54347  0.00000
 0.15280  0.54347  0.00012
 0.15280  0.54347  0.00102
 0.15280  0.54347  0.00091
 0.15280  0.54347  0.00011
 0.17301  0.54364  0.00000
 0.17301  0.54364  0.00010
 0.17301  0.54364  0.00070
 0.17301  0.54364  0.00113
 0.17301  0.54364  0.00014
 0.19588  0.54648  0.00000
 0.19588  0.54648  0.00023
 0.19588  0.54648  0.00186
 0.19588  0.54648  0.00151
 0.19588  0.54648  0.00016
 0.19588  0.54648  0.00000
 0.19588  0.54648  0.00016
 0.19588  0.54648  0.00126
 0.19588  0.54648  0.00102
 0.19588  0.54648  0.00011
 0.22178  0.55235  0.00009
 0.22178  0.55235  0.00051
 0.22178  0.55235  0.00025
 0.22178  0.55235  0.00006
 0.22178  0.55235  0.00035
 0.22178  0.55235  0.00017
 1.63537  4.36712  0.00002
 1.63537  4.36712  0.00012
 1.51950  4.13025  0.00006
 0.25111  0.58167  0.00000
 0.25111  0.58167  0.00035
 0.25111  0.57166  0.00189
 0.25111  0.57166  0.00143
 0.25111  0.57166  0.00012
 0.25111  0.58167  0.00000
 0.25111  0.57166  0.00024
 0.25111  0.57166  0.00129
 0.25111  0.57166  0.00098
 0.25111  0.56164  0.00008
 1.68787  4.39645  0.00000
 1.68787  4.39645  0.00009
 1.64152  4.39645  0.00048
 1.64152  4.33723  0.00037
 1.61835  4.27801  0.00003
 0.28431  0.61487  0.00000
 0.28431  0.61487  0.00030
 0.28431  0.60486  0.00228
 0.28431  0.60486  0.00244
 0.28431  0.60486  0.00044
 0.28431  0.61487  0.00000
 0.28431  0.60486  0.00020
 0.28431  0.60486  0.00154
 0.28431  0.59484  0.00165
 0.28431  0.59484  0.00029
 1.72107  4.42965  0.00000
 1.72107  4.42965  0.00007
 1.67472  4.31121  0.00056
 1.67472  4.31121  0.00062
 1.62837  4.19277  0.00011
 0.36446  1.24597  0.00000
 0.36446  1.24597  0.00006
 0.36446  1.24597  0.00078
 0.36446  1.24597  0.00141
 0.36446  1.22594  0.00040
 0.36446  1.24597  0.00000
 0.36446  1.24597  0.00004
 0.36446  1.24597  0.00053
 0.36446  1.24597  0.00095
 0.36446  1.22594  0.00027
 0.36446  1.24597  0.00000
 0.36446  1.24597  0.00003
 0.36446  1.24597  0.00047
 0.36446  1.24597  0.00085
 0.36446  1.22594  0.00024
 0.41265  1.31419  0.00000
 0.41265  1.31419  0.00008
 0.41265  1.27412  0.00081
 0.41265  1.23406  0.00109
 0.41265  1.25409  0.00027
 0.41265  1.31419  0.00000
 0.41265  1.27412  0.00005
 0.41265  1.23406  0.00052
 0.41265  1.23406  0.00071
 0.41265  1.25409  0.00018
 0.41265  1.27412  0.00004
 0.41265  1.23406  0.00045
 0.41265  1.23406  0.00061
 0.41265  1.25409  0.00016
 0.46721  1.32868  0.00000
 0.46721  1.32868  0.00006
 0.46721  1.28862  0.00113
 0.46721  1.28862  0.00217
 0.46721  1.26858  0.00066
 0.46721  1.32868  0.00000
 0.46721  1.32868  0.00004
 0.46721  1.28862  0.00071
 0.46721  1.28862  0.00139
 0.46721  1.26858  0.00043
 0.46721  1.28862  0.00121
 0.46721  1.26858  0.00037
 0.52898  1.35039  0.00000
 0.52898  1.35039  0.00002
 0.52898  1.35039  0.00050
 0.52898  1.35039  0.00124
 0.52898  1.35039  0.00049
 0.52898  1.35039  0.00000
 0.52898  1.35039  0.00001
 0.52898  1.35039  0.00033
 0.52898  1.35039  0.00081
 0.52898  1.35039  0.00032
 0.52898  1.90074  0.00000
 0.52898  1.90074  0.00002
 0.52898  1.90074  0.00045
 0.52898  1.90074  0.00110
 0.52898  1.90074  0.00043
 0.52898  1.90074  0.00000
 0.52898  1.90074  0.00001
 0.52898  1.90074  0.00029
 0.52898  1.90074  0.00072
 0.52898  1.90074  0.00028
 0.59892  1.38026  0.00000
 0.59892  1.38026  0.00001
 0.59892  1.38026  0.00053
 0.59892  1.38026  0.00194
 0.59892  1.38026  0.00105
 0.59892  1.38026  0.00034
 0.59892  1.38026  0.00125
 0.59892  1.38026  0.00068
 0.59892  1.97069  0.00000
 0.59892  1.97069  0.00001
 0.59892  1.94211  0.00047
 0.59892  1.94211  0.00172
 0.59892  1.94211  0.00093
 0.59892  1.97069  0.00000
 0.59892  1.94211  0.00001
 0.59892  1.94211  0.00030
 0.59892  1.94211  0.00111
 0.59892  1.94211  0.00060
 0.67811  1.43942  0.00000
 0.67811  1.41938  0.00000
 0.67811  1.41938  0.00000
 0.67811  1.43942  0.00000
 0.67811  1.41938  0.00000
 0.67811  1.41938  0.00000
 0.67811  1.99272  0.00000
 0.67811  1.99272  0.00000
 0.67811  1.99272  0.00000
 0.67811  1.99272  0.00000
 0.67811  1.99272  0.00000
 0.67811  1.96414  0.00000
 0.67811  1.99272  0.00000
 0.67811  1.99272  0.00000
 0.67811  1.96414  0.00000
 0.76777  2.05380  0.00000
 0.76777  2.05380  0.00000
 0.76777  2.05380  0.00014
 0.76777  1.99664  0.00082
 0.76777  1.99664  0.00067
 0.76777  2.05380  0.00000
 0.76777  2.05380  0.00000
 0.76777  2.05380  0.00009
 0.76777  1.99664  0.00052
 0.76777  1.93948  0.00043
 0.76777  2.05380  0.00000
 0.76777  2.05380  0.00000
 0.76777  1.99664  0.00008
 0.76777  1.99664  0.00045
 0.76777  1.93948  0.00037
 0.86928  2.12673  0.00000
 0.86928  2.12673  0.00000
 0.86928  2.12673  0.00005
 0.86928  2.12673  0.00054
 0.86928  2.06958  0.00070
 0.86928  2.12673  0.00000
 0.86928  2.12673  0.00000
 0.86928  2.12673  0.00003
 0.86928  2.12673  0.00034
 0.86928  2.06958  0.00044
 0.86928  2.12673  0.00000
 0.86928  2.12673  0.00000
 0.86928  2.12673  0.00002
 0.86928  2.06958  0.00029
 0.86928  2.06958  0.00038
 0.98422  2.12736  0.00000
 0.98422  2.12736  0.00000
 0.98422  2.09878  0.00000
 0.98422  2.09878  0.00008
 0.98422  2.09878  0.00025
 0.98422  2.12736  0.00000
 0.98422  2.12736  0.00000
 0.98422  2.09878  0.00000
 0.98422  2.09878  0.00005
 0.98422  2.09878  0.00015
 0.98422  2.12736  0.00000
 0.98422  2.12736  0.00000
 0.98422  2.09878  0.00000
 0.98422  2.09878  0.00004
 0.98422  2.09878  0.00013
 1.11435  2.25749  0.00000
 1.11435  2.25749  0.00000
 1.11435  2.25749  0.00000
 1.11435  2.25749  0.00000
 1.11435  2.25749  0.00000
 1.11435  2.25749  0.00000
 1.11435  2.25749  0.00000
 1.11435  4.43062  0.00000
 1.11435  4.43062  0.00000
 1.11435  4.43062  0.00000
 1.11435  4.43062  0.00001
 1.11435  4.43062  0.00005
 1.11435  4.43062  0.00000
 1.11435  4.43062  0.00000
 1.11435  4.43062  0.00000
 1.11435  4.43062  0.00001
 1.11435  4.31219  0.00003
 1.11435  4.43062  0.00000
 1.11435  4.43062  0.00000
 1.11435  4.43062  0.00000
 1.11435  4.43062  0.00001
 1.11435  4.31219  0.00003
 1.11435  4.43062  0.00000
 1.11435  4.43062  0.00000
 1.11435  4.43062  0.00000
 1.11435  4.43062  0.00000
 1.11435  4.43062  0.00002
 1.26169  4.34109  0.00000
 1.26169  4.34109  0.00000
 1.26169  4.34109  0.00000
 1.26169  4.34109  0.00000
 1.26169  4.34109  0.00000
 1.26169  4.34109  0.00000
 1.26169  4.34109  0.00000
 1.26169  4.34109  0.00000
 1.26169  4.34109  0.00000
 1.26169  4.34109  0.00000
 1.26169  4.34109  0.00000
 1.26169  4.34109  0.00000
 1.26169  4.34109  0.00000
 1.26169  4.34109  0.00000
 1.26169  4.34109  0.00000
 1.26169  4.34109  0.00000
 1.26169  4.34109  0.00000
 1.26169  4.34109  0.00000
 1.26169  4.34109  0.00000
 1.26169  4.34109  0.00000
 1.42851  4.62634  0.00000
 1.42851  4.38947  0.00000
 1.42851  4.38947  0.00000
 1.42851  4.38947  0.00000
 1.42851  4.38947  0.00000
 1.42851  4.62634  0.00000
 1.42851  4.38947  0.00000
 1.42851  4.38947  0.00000
 1.42851  4.38947  0.00000
 1.42851  4.38947  0.00000
 1.42851  4.44869  0.00000
 1.42851  4.38947  0.00000
 1.42851  4.38947  0.00000
 1.42851  4.38947  0.00000
 1.42851  4.38947  0.00000
 1.42851  4.62634  0.00000
 1.42851  4.38947  0.00000
 1.42851  4.38947  0.00000
 1.42851  4.38947  0.00000
 1.42851  4.38947  0.00000
 1.61739  4.51912  0.00000
 1.61739  4.51912  0.00000
 1.61739  4.51912  0.00000
 1.61739  4.51912  0.00000
 1.61739  4.51912  0.00000
 1.61739  4.51912  0.00000
 1.61739  4.51912  0.00000
 1.61739  4.51912  0.00000
 1.61739  4.51912  0.00000
 1.61739  4.51912  0.00000
 1.61739  4.51912  0.00000
 1.61739  4.51912  0.00000
 1.61739  4.51912  0.00000
 1.61739  4.51912  0.00000
 1.61739  4.51912  0.00000
 1.61739  4.51912  0.00000
 1.83123  4.61453  0.00000
 1.83123  4.61453  0.00000
 1.83123  4.61453  0.00001
 1.83123  4.61453  0.00000
 1.83123  4.61453  0.00000
 1.83123  4.61453  0.00000
 1.83123  4.61453  0.00000
 1.83123  4.61453  0.00000
 1.83123  4.61453  0.00000
 1.83123  4.61453  0.00000
 1.83123  4.61453  0.00000
 1.83123  4.61453  0.00000
 1.83123  4.61453  0.00000
 1.83123  4.61453  0.00000
 1.83123  4.61453  0.00000
 1.83123  4.61453  0.00000
 1.83123  4.61453  0.00000
 1.83123  4.61453  0.00000
 1.83123  4.61453  0.00000
 1.83123  4.61453  0.00000
 2.07336  4.79744  0.00000
 2.07336  4.67900  0.00000
 2.07336  4.67900  0.00000
 2.07336  4.67900  0.00000
 2.07336  4.67900  0.00000
 2.07336  4.79744  0.00000
 2.07336  4.67900  0.00000
 2.07336  4.67900  0.00000
 2.07336  4.67900  0.00000
 2.07336  4.67900  0.00000
 2.07336  4.79744  0.00000
 2.07336  4.67900  0.00000
 2.07336  4.67900  0.00000
 2.07336  4.67900  0.00000
 2.07336  4.67900  0.00000
 2.07336  4.79744  0.00000
 2.07336  4.67900  0.00000
 2.07336  4.67900  0.00000
 2.07336  4.67900  0.00000
 2.07336  4.67900  0.00000
 2.34750  4.71626  0.00000
 2.34750  4.71626  0.00000
 2.34750  4.71626  0.00001
 2.34750  4.71626  0.00001
 2.34750  4.71626  0.00000
 2.34750  4.71626  0.00000
 2.34750  4.71626  0.00000
 2.34750  4.71626  0.00001
 2.34750  4.71626  0.00001
 2.34750  4.71626  0.00000
 2.34750  4.71626  0.00000
 2.34750  4.71626  0.00000
 2.34750  4.71626  0.00001
 2.34750  4.71626  0.00001
 2.34750  4.71626  0.00000
 2.34750  4.71626  0.00000
 2.34750  4.71626  0.00000
 2.34750  4.71626  0.00001
 2.34750  4.71626  0.00001
 2.34750  4.71626  0.00000
 1.67724  4.54985  0.00001
 1.63191  4.54985  0.00064
 1.58658  4.43319  0.00143
 1.54125  4.43319  0.00055
 1.47325  4.25819  0.00003
 1.63248  4.55042  0.00003
 1.58715  4.43376  0.00004
 1.54190  4.43384  0.00001
 1.47390  4.25884  0.00001
 1.63265  4.55058  0.00002
 1.58731  4.43392  0.00040
 1.54198  4.43392  0.00020
 1.58983  4.61144  0.00000
 1.58983  4.61144  0.00000
 1.49960  4.43687  0.00000
 1.45427  4.26188  0.00000
 1.59130  4.55457  0.00000
 1.59130  4.55457  0.00000
 1.59193  4.55520  0.00000
 1.59193  4.55520  0.00018
 1.54660  4.43853  0.00005
 1.54730  4.43924  0.00000
 1.50197  4.43924  0.00001
 1.45664  4.26425  0.00000
 1.59343  4.55670  0.00000
 1.54810  4.44004  0.00000
 1.59434  4.55761  0.00003
 1.54901  4.44095  0.00073
 1.62051  4.56111  0.00009
 1.59784  4.38612  0.00001
 1.62200  4.56260  0.00000
 1.59933  4.56260  0.00000
 1.60102  4.38929  0.00002
 1.55569  4.33096  0.00006
 1.60509  4.56836  0.00000
 1.60509  4.56836  0.00000
 1.60509  4.39336  0.00002
 1.60753  4.57080  0.00000
 1.60753  4.51247  0.00014
 1.60753  4.39581  0.00002
 1.61344  4.57671  0.00000
 1.61344  4.51838  0.00002
 1.56811  4.40172  0.00000
 1.61699  4.58026  0.00000
 1.61699  4.52193  0.00000
 1.62101  4.58428  0.00000
 1.59835  4.52595  0.00000
 1.59835  4.52595  0.00000
 1.57568  4.35096  0.00001
 1.53035  4.23430  0.00000
 1.60290  4.53051  0.00000
 1.60290  4.53051  0.00009
 1.58024  4.35551  0.00017
 1.53491  4.23885  0.00001
 1.59123  4.48317  0.00000
 1.59123  4.48317  0.00004
 1.54590  4.36650  0.00006
 1.64317  4.43144  0.00000
 1.59783  4.48977  0.00004
 1.59783  4.48977  0.00047
 1.55250  4.37311  0.00001
 1.50717  4.25645  0.00000
 1.65065  4.43892  0.00000
 1.65065  4.43892  0.00014
 1.60532  4.43892  0.00013
 1.55999  4.38059  0.00012
 1.51465  4.26393  0.00001
 1.65912  4.62239  0.00000
 1.59112  4.44739  0.00001
 1.59112  4.44739  0.00001
 1.66871  4.57365  0.00000
 1.66871  4.39865  0.00013
 1.60071  4.39865  0.00077
 1.60071  4.39865  0.00023
 0.15280  0.59682  0.00022
 0.15280  0.57709  0.00218
 0.15280  0.56722  0.00090
 0.15280  0.55735  0.00001
 0.17301  0.61702  0.00001
 0.17301  0.60716  0.00046
 0.17301  0.58742  0.00060
 0.17301  0.57756  0.00101
 0.17301  0.56769  0.00019
 0.19588  0.62016  0.00001
 0.19588  0.61030  0.00081
 0.19588  0.60043  0.00429
 0.19588  0.59056  0.00276
 0.19588  0.57083  0.00004
 0.19588  0.57083  0.00002
 0.22178  0.60660  0.00006
 0.22178  0.59673  0.00042
 0.22178  0.58686  0.00029
 0.22178  0.60660  0.00004
 0.22178  0.59673  0.00029
 0.22178  0.58686  0.00020
 0.25111  0.65565  0.00000
 0.25111  0.64579  0.00002
 0.25111  0.62605  0.00023
 0.25111  0.61619  0.00032
 0.25111  0.60632  0.00009
 0.25111  0.65565  0.00000
 0.25111  0.64579  0.00001
 0.25111  0.62605  0.00016
 0.25111  0.61619  0.00021
 0.25111  0.60632  0.00006
 1.70170  4.45097  0.00000
 1.65636  4.33431  0.00001
 1.65636  4.33431  0.00007
 1.61103  4.27598  0.00009
 1.58837  4.27598  0.00003
 0.28431  0.66912  0.00000
 0.28431  0.65925  0.00026
 0.28431  0.63952  0.00189
 0.28431  0.62965  0.00180
 0.28431  0.61979  0.00027
 0.28431  0.66912  0.00000
 0.28431  0.65925  0.00018
 0.28431  0.63952  0.00128
 0.28431  0.62965  0.00122
 0.28431  0.61979  0.00019
 1.68957  4.42584  0.00000
 1.68957  4.42584  0.00007
 1.64423  4.25084  0.00051
 1.64423  4.25084  0.00049
 1.57624  4.19251  0.00007
 0.32190  0.68698  0.00000
 0.32190  0.67711  0.00003
 0.32190  0.67711  0.00000
 0.32190  0.68698  0.00000
 0.32190  0.67711  0.00002
 0.32190  0.67711  0.00000
 0.32190  0.67711  0.00000
 1.68183  4.34677  0.00000
 1.68183  4.34677  0.00001
 1.68183  4.34677  0.00000
 0.36446  1.35116  0.00000
 0.36446  1.35116  0.00033
 0.36446  1.31169  0.00198
 0.36446  1.31169  0.00196
 0.36446  1.27222  0.00040
 0.36446  1.31169  0.00135
 0.36446  1.31169  0.00133
 0.36446  1.27222  0.00027
 0.41265  1.37961  0.00000
 0.41265  1.37961  0.00013
 0.41265  1.34015  0.00080
 0.41265  1.32041  0.00130
 0.41265  1.30068  0.00029
 0.41265  1.32041  0.00088
 0.41265  1.30068  0.00020
 0.46721  1.37497  0.00000
 0.46721  1.37497  0.00010
 0.46721  1.35524  0.00135
 0.46721  1.35524  0.00215
 0.46721  1.31577  0.00062
 0.46721  1.31577  0.00041
 0.52898  1.41701  0.00000
 0.52898  1.39728  0.00012
 0.52898  1.39728  0.00096
 0.52898  1.35781  0.00150
 0.52898  1.33808  0.00078
 0.52898  2.02093  0.00000
 0.52898  1.99278  0.00011
 0.52898  1.96463  0.00087
 0.52898  1.96463  0.00135
 0.52898  1.96463  0.00070
 0.52898  2.02093  0.00000
 0.52898  1.99278  0.00007
 0.52898  1.96463  0.00056
 0.52898  1.96463  0.00087
 0.52898  1.96463  0.00046
 0.59892  1.46722  0.00000
 0.59892  1.40802  0.00002
 0.59892  1.40802  0.00035
 0.59892  1.40802  0.00053
 0.59892  1.36855  0.00002
 0.59892  2.06272  0.00000
 0.59892  2.00642  0.00002
 0.59892  2.00642  0.00032
 0.59892  1.95012  0.00048
 0.59892  1.95012  0.00001
 0.59892  2.06272  0.00000
 0.59892  2.00642  0.00001
 0.59892  2.00642  0.00021
 0.59892  1.95012  0.00031
 0.59892  1.95012  0.00001
 0.67811  1.50694  0.00000
 0.67811  1.46747  0.00005
 0.67811  1.46747  0.00077
 0.67811  1.42800  0.00177
 0.67811  1.42800  0.00090
 0.67811  1.50694  0.00000
 0.67811  1.46747  0.00003
 0.67811  1.46747  0.00050
 0.67811  1.42800  0.00115
 0.67811  1.42800  0.00059
 0.67811  2.08561  0.00000
 0.67811  2.08561  0.00005
 0.67811  2.00116  0.00068
 0.67811  2.00116  0.00158
 0.67811  1.97301  0.00081
 0.67811  2.08561  0.00000
 0.67811  2.08561  0.00003
 0.67811  2.00116  0.00044
 0.67811  2.00116  0.00103
 0.67811  1.97301  0.00053
 0.67811  2.08561  0.00000
 0.67811  2.08561  0.00003
 0.67811  2.00116  0.00039
 0.67811  2.00116  0.00091
 0.67811  1.97301  0.00046
 0.76777  1.55713  0.00000
 0.76777  1.55713  0.00000
 0.76777  2.06267  0.00000
 0.76777  2.06267  0.00002
 0.76777  2.06267  0.00047
 0.76777  2.03452  0.00145
 0.76777  1.97822  0.00072
 0.76777  2.06267  0.00000
 0.76777  2.06267  0.00001
 0.76777  2.06267  0.00030
 0.76777  2.03452  0.00093
 0.76777  1.97822  0.00046
 0.76777  2.06267  0.00000
 0.76777  2.06267  0.00001
 0.76777  2.06267  0.00026
 0.76777  2.03452  0.00081
 0.76777  1.97822  0.00040
 0.86928  2.10788  0.00000
 0.86928  2.10788  0.00000
 0.86928  2.10788  0.00016
 0.86928  2.10788  0.00078
 0.86928  2.05158  0.00073
 0.86928  2.10788  0.00000
 0.86928  2.10788  0.00000
 0.86928  2.10788  0.00010
 0.86928  2.10788  0.00050
 0.86928  2.05158  0.00046
 0.86928  2.10788  0.00000
 0.86928  2.10788  0.00000
 0.86928  2.10788  0.00009
 0.86928  2.10788  0.00043
 0.86928  2.05158  0.00040
 0.98422  2.16652  0.00000
 0.98422  2.11022  0.00000
 0.98422  2.11022  0.00003
 0.98422  2.08207  0.00024
 0.98422  2.08207  0.00035
 0.98422  2.16652  0.00000
 0.98422  2.11022  0.00000
 0.98422  2.11022  0.00002
 0.98422  2.08207  0.00015
 0.98422  2.08207  0.00022
 0.98422  2.16652  0.00000
 0.98422  2.11022  0.00000
 0.98422  2.11022  0.00002
 0.98422  2.08207  0.00013
 0.98422  2.08207  0.00019
 1.11435  2.24035  0.00000
 1.11435  2.24035  0.00000
 1.11435  2.24035  0.00000
 1.11435  2.24035  0.00000
 1.11435  2.24035  0.00000
 1.11435  2.24035  0.00000
 1.11435  2.24035  0.00000
 1.11435  2.24035  0.00000
 1.11435  2.24035  0.00000
 1.11435  2.24035  0.00000
 1.11435  2.24035  0.00000
 1.11435  2.24035  0.00000
 1.11435  4.38091  0.00000
 1.11435  4.38091  0.00002
 1.11435  4.38091  0.00003
 1.11435  4.38091  0.00000
 1.11435  4.38091  0.00001
 1.11435  4.38091  0.00002
 1.11435  4.38091  0.00000
 1.11435  4.38091  0.00001
 1.11435  4.38091  0.00002
 1.11435  4.38091  0.00000
 1.11435  4.38091  0.00001
 1.11435  4.38091  0.00001
 1.26169  4.29493  0.00000
 1.26169  4.29493  0.00000
 1.26169  4.29493  0.00000
 1.26169  4.29493  0.00000
 1.26169  4.29493  0.00000
 1.26169  4.29493  0.00000
 1.26169  4.29493  0.00000
 1.26169  4.29493  0.00000
 1.26169  4.29493  0.00000
 1.26169  4.29493  0.00000
 1.26169  4.29493  0.00000
 1.26169  4.29493  0.00000
 1.26169  4.29493  0.00000
 1.26169  4.29493  0.00000
 1.26169  4.29493  0.00000
 1.26169  4.29493  0.00000
 1.26169  4.29493  0.00000
 1.26169  4.29493  0.00000
 1.26169  4.29493  0.00000
 1.26169  4.29493  0.00000
 1.42851  4.57841  0.00000
 1.42851  4.34508  0.00000
 1.42851  4.34508  0.00001
 1.42851  4.34508  0.00000
 1.42851  4.34508  0.00000
 1.42851  4.57841  0.00000
 1.42851  4.34508  0.00000
 1.42851  4.34508  0.00000
 1.42851  4.34508  0.00000
 1.42851  4.34508  0.00000
 1.42851  4.57841  0.00000
 1.42851  4.34508  0.00000
 1.42851  4.34508  0.00000
 1.42851  4.34508  0.00000
 1.42851  4.34508  0.00000
 1.42851  4.57841  0.00000
 1.42851  4.34508  0.00000
 1.42851  4.34508  0.00000
 1.42851  4.34508  0.00000
 1.42851  4.34508  0.00000
 1.61739  4.47563  0.00000
 1.61739  4.47563  0.00000
 1.61739  4.47563  0.00000
 1.61739  4.47563  0.00000
 1.61739  4.30063  0.00000
 1.61739  4.47563  0.00000
 1.61739  4.47563  0.00000
 1.61739  4.47563  0.00000
 1.61739  4.47563  0.00000
 1.61739  4.30063  0.00000
 1.61739  4.47563  0.00000
 1.61739  4.47563  0.00000
 1.61739  4.47563  0.00000
 1.61739  4.47563  0.00000
 1.61739  4.30063  0.00000
 1.61739  4.47563  0.00000
 1.61739  4.47563  0.00000
 1.61739  4.47563  0.00000
 1.61739  4.47563  0.00000
 1.61739  4.30063  0.00000
 1.83123  4.57281  0.00000
 1.83123  4.57281  0.00000
 1.83123  4.51448  0.00001
 1.83123  4.51448  0.00001
 1.83123  4.51448  0.00000
 1.83123  4.57281  0.00000
 1.83123  4.57281  0.00000
 1.83123  4.51448  0.00001
 1.83123  4.51448  0.00000
 1.83123  4.51448  0.00000
 1.83123  4.57281  0.00000
 1.83123  4.57281  0.00000
 1.83123  4.51448  0.00001
 1.83123  4.51448  0.00000
 1.83123  4.51448  0.00000
 1.83123  4.57281  0.00000
 1.83123  4.57281  0.00000
 1.83123  4.51448  0.00001
 1.83123  4.51448  0.00000
 1.83123  4.51448  0.00000
 2.07336  4.63994  0.00000
 2.07336  4.63994  0.00000
 2.07336  4.63994  0.00000
 2.07336  4.63994  0.00000
 2.07336  4.63994  0.00000
 2.07336  4.63994  0.00000
 2.07336  4.63994  0.00000
 2.07336  4.63994  0.00000
 2.07336  4.63994  0.00000
 2.07336  4.63994  0.00000
 2.07336  4.63994  0.00000
 2.07336  4.63994  0.00000
 2.07336  4.63994  0.00000
 2.07336  4.63994  0.00000
 2.07336  4.63994  0.00000
 2.07336  4.63994  0.00000
 2.07336  4.63994  0.00000
 2.07336  4.63994  0.00000
 2.07336  4.63994  0.00000
 2.07336  4.63994  0.00000
