 0.14046  0.46223  0.00960
 0.14046  0.46223  0.00853
 0.29589  0.97423  0.00836
 0.29589  0.97423  0.00519
 0.29589  0.97423  0.00444
 0.33501  0.99596  0.00399
 0.33501  0.99596  0.00248
 0.33501  0.99596  0.00212
 0.42945  1.03822  0.00405
 0.42945  1.03822  0.00251
 0.42945  1.03822  0.00215
 0.42945  1.47152  0.00346
 0.42945  1.47152  0.00215
 0.42945  1.47152  0.00184
 0.12405  0.49186  0.00058
 0.12405  0.49186  0.00106
 0.12405  0.49186  0.00006
 0.14046  0.48987  0.00257
 0.14046  0.48987  0.00150
 0.15903  0.49005  0.00001
 0.15903  0.49005  0.00121
 0.15903  0.49005  0.00187
 0.15903  0.49005  0.00002
 0.18005  0.49269  0.00000
 0.18005  0.49269  0.00222
 0.18005  0.49269  0.00325
 0.18005  0.49269  0.00014
 0.18005  0.49269  0.00000
 0.18005  0.49269  0.00149
 0.18005  0.49269  0.00218
 0.18005  0.49269  0.00009
 0.20386  0.49811  0.00002
 0.20386  0.49811  0.00034
 0.20386  0.49811  0.00011
 0.20386  0.49811  0.00001
 0.20386  0.49811  0.00023
 0.20386  0.49811  0.00008
 0.23082  0.51586  0.00045
 0.23082  0.51586  0.00206
 0.23082  0.51586  0.00119
 0.23082  0.51586  0.00030
 0.23082  0.51586  0.00139
 0.23082  0.51586  0.00081
 0.29589  1.03150  0.00001
 0.29589  1.03150  0.00096
 0.29589  1.03150  0.00048
 0.29589  1.03150  0.00001
 0.29589  1.03150  0.00060
 0.29589  1.03150  0.00030
 0.29589  1.03150  0.00001
 0.29589  1.03150  0.00051
 0.29589  1.03150  0.00026
 0.33501  1.05223  0.00001
 0.33501  1.05223  0.00111
 0.33501  1.05223  0.00195
 0.33501  1.03384  0.00000
 0.33501  1.03384  0.00069
 0.33501  1.03384  0.00121
 0.33501  1.03384  0.00000
 0.33501  1.03384  0.00059
 0.33501  1.03384  0.00103
 0.37930  1.07813  0.00058
 0.37930  1.07813  0.00225
 0.37930  1.05974  0.00039
 0.37930  1.05974  0.00146
 0.37930  1.05974  0.00035
 0.37930  1.05974  0.00127
 0.42945  1.09150  0.00022
 0.42945  1.09150  0.00115
 0.42945  1.09150  0.00015
 0.42945  1.09150  0.00073
 0.42945  1.09150  0.00014
 0.42945  1.09150  0.00063
 0.42945  1.55748  0.00019
 0.42945  1.55748  0.00106
 0.42945  1.55748  0.00013
 0.42945  1.55748  0.00067
 0.42945  1.55748  0.00012
 0.42945  1.55748  0.00058
 0.48624  1.12990  0.00000
 0.48624  1.12990  0.00196
 0.48624  1.12990  0.00000
 0.48624  1.12990  0.00121
 0.48624  1.12990  0.00000
 0.48624  1.12990  0.00104
 0.48624  1.58803  0.00000
 0.48624  1.58803  0.00169
 0.48624  1.58803  0.00000
 0.48624  1.58803  0.00105
 0.48624  1.58803  0.00000
 0.48624  1.58803  0.00090
 0.55053  1.17580  0.00126
 0.55053  1.17580  0.00079
 0.55053  1.17580  0.00067
 0.55053  1.59985  0.00114
 0.55053  1.59985  0.00071
 0.55053  1.59985  0.00060
 0.62332  1.62018  0.00028
 0.62332  1.62018  0.00018
 0.62332  1.62018  0.00015
 0.70573  1.70259  0.00017
 0.70573  1.70259  0.00011
 0.70573  1.65012  0.00009
 1.48669  3.76979  0.00000
 1.48669  3.76979  0.00000
 1.48669  3.76979  0.00000
 1.48669  3.76979  0.00000
 1.68326  3.85764  0.00000
 1.68326  3.85764  0.00000
 1.68326  3.85764  0.00000
 1.68326  3.85764  0.00000
 0.14046  0.51346  0.00000
 0.14046  0.51346  0.00069
 0.14046  0.51346  0.00123
 0.14046  0.51346  0.00002
 0.15903  0.51291  0.00000
 0.15903  0.51291  0.00031
 0.15903  0.51291  0.00061
 0.15903  0.51291  0.00003
 0.18005  0.51480  0.00002
 0.18005  0.51480  0.00341
 0.18005  0.51480  0.00376
 0.18005  0.51480  0.00016
 0.18005  0.51480  0.00001
 0.18005  0.51480  0.00231
 0.18005  0.51480  0.00256
 0.18005  0.51480  0.00011
 0.20386  0.51948  0.00000
 0.20386  0.51948  0.00041
 0.20386  0.51948  0.00123
 0.20386  0.51948  0.00011
 0.20386  0.51948  0.00000
 0.20386  0.51948  0.00028
 0.20386  0.51948  0.00084
 0.20386  0.51948  0.00008
 0.23082  0.52731  0.00000
 0.23082  0.52731  0.00084
 0.23082  0.52731  0.00288
 0.23082  0.52731  0.00029
 0.23082  0.52731  0.00000
 0.23082  0.52731  0.00057
 0.23082  0.52731  0.00196
 0.23082  0.52731  0.00020
 0.29589  1.08016  0.00000
 0.29589  1.08016  0.00016
 0.29589  1.08016  0.00099
 0.29589  1.08016  0.00011
 0.29589  1.06103  0.00000
 0.29589  1.06103  0.00011
 0.29589  1.06103  0.00067
 0.29589  1.06103  0.00008
 0.29589  1.06103  0.00000
 0.29589  1.06103  0.00009
 0.29589  1.06103  0.00060
 0.29589  1.06103  0.00007
 0.33501  1.10015  0.00000
 0.33501  1.10015  0.00049
 0.33501  1.10015  0.00243
 0.33501  1.10015  0.00066
 0.33501  1.10015  0.00000
 0.33501  1.10015  0.00031
 0.33501  1.10015  0.00154
 0.33501  1.10015  0.00042
 0.33501  1.10015  0.00000
 0.33501  1.10015  0.00026
 0.33501  1.10015  0.00133
 0.33501  1.10015  0.00036
 0.37930  1.10619  0.00013
 0.37930  1.10619  0.00155
 0.37930  1.10619  0.00084
 0.37930  1.10619  0.00008
 0.37930  1.10619  0.00098
 0.37930  1.10619  0.00053
 0.37930  1.10619  0.00007
 0.37930  1.10619  0.00084
 0.37930  1.10619  0.00045
 0.42945  1.13721  0.00001
 0.42945  1.13721  0.00105
 0.42945  1.13721  0.00116
 0.42945  1.13721  0.00000
 0.42945  1.13721  0.00067
 0.42945  1.13721  0.00074
 0.42945  1.13721  0.00000
 0.42945  1.13721  0.00058
 0.42945  1.13721  0.00064
 0.42945  1.60276  0.00001
 0.42945  1.60276  0.00093
 0.42945  1.60276  0.00103
 0.42945  1.60276  0.00000
 0.42945  1.60276  0.00059
 0.42945  1.60276  0.00066
 0.42945  1.60276  0.00000
 0.42945  1.60276  0.00051
 0.42945  1.60276  0.00057
 0.48624  1.15573  0.00000
 0.48624  1.15573  0.00060
 0.48624  1.15573  0.00106
 0.48624  1.15573  0.00000
 0.48624  1.15573  0.00038
 0.48624  1.15573  0.00067
 0.48624  1.15573  0.00000
 0.48624  1.15573  0.00033
 0.48624  1.15573  0.00058
 0.48624  1.63226  0.00000
 0.48624  1.63226  0.00052
 0.48624  1.63226  0.00093
 0.48624  1.63226  0.00000
 0.48624  1.63226  0.00033
 0.48624  1.63226  0.00059
 0.48624  1.63226  0.00000
 0.48624  1.63226  0.00029
 0.48624  1.63226  0.00051
 0.55053  1.20090  0.00000
 0.55053  1.20090  0.00020
 0.55053  1.20090  0.00120
 0.55053  1.20090  0.00000
 0.55053  1.20090  0.00012
 0.55053  1.20090  0.00075
 0.55053  1.20090  0.00000
 0.55053  1.20090  0.00011
 0.55053  1.20090  0.00064
 0.55053  1.66926  0.00000
 0.55053  1.66926  0.00017
 0.55053  1.66926  0.00105
 0.55053  1.66926  0.00000
 0.55053  1.66926  0.00011
 0.55053  1.66926  0.00066
 0.55053  1.66926  0.00000
 0.55053  1.66926  0.00009
 0.55053  1.66926  0.00056
 0.62332  1.27369  0.00005
 0.62332  1.27369  0.00091
 0.62332  1.71477  0.00005
 0.62332  1.71477  0.00080
 0.62332  1.71477  0.00003
 0.62332  1.71477  0.00050
 0.62332  1.68748  0.00003
 0.62332  1.68748  0.00043
 0.70573  1.74261  0.00000
 0.70573  1.74261  0.00006
 0.70573  1.74261  0.00000
 0.70573  1.74261  0.00003
 0.70573  1.74261  0.00000
 0.70573  1.74261  0.00003
 0.79904  1.80863  0.00020
 0.79904  1.80863  0.00012
 0.79904  1.80863  0.00010
 0.90469  1.85971  0.00001
 0.90469  1.85971  0.00001
 0.90469  1.85971  0.00001
 1.02430  3.68176  0.00000
 1.02430  3.68176  0.00000
 1.02430  3.68176  0.00000
 1.02430  3.68176  0.00000
 1.02430  3.68176  0.00000
 1.02430  3.68176  0.00000
 1.02430  3.68176  0.00000
 1.02430  3.68176  0.00000
 1.15974  3.76065  0.00000
 1.15974  3.76065  0.00000
 1.15974  3.76065  0.00000
 1.15974  3.76065  0.00000
 1.15974  3.76065  0.00000
 1.15974  3.76065  0.00000
 1.15974  3.76065  0.00000
 1.15974  3.76065  0.00000
 1.31308  3.91399  0.00000
 1.31308  3.91399  0.00000
 1.31308  3.91399  0.00000
 1.31308  3.91399  0.00000
 1.31308  3.91399  0.00000
 1.31308  3.91399  0.00000
 1.31308  3.91399  0.00000
 1.31308  3.91399  0.00000
 1.31308  3.91399  0.00000
 1.31308  3.91399  0.00000
 1.31308  3.91399  0.00000
 1.31308  3.91399  0.00000
 1.48669  3.86144  0.00000
 1.48669  3.86144  0.00000
 1.48669  3.86144  0.00000
 1.48669  3.86144  0.00000
 1.48669  3.86144  0.00000
 1.48669  3.86144  0.00000
 1.48669  3.86144  0.00000
 1.48669  3.86144  0.00000
 1.68326  3.94493  0.00000
 1.68326  3.94493  0.00000
 1.68326  3.94493  0.00000
 1.68326  3.94493  0.00000
 1.90582  4.11094  0.00000
 1.90582  4.11094  0.00000
 1.90582  4.11094  0.00000
 1.90582  4.11094  0.00000
 0.14046  0.52281  0.00002
 0.14046  0.52281  0.00082
 0.14046  0.52281  0.00133
 0.14046  0.52281  0.00008
 0.15903  0.52178  0.00001
 0.15903  0.52178  0.00050
 0.15903  0.52178  0.00063
 0.15903  0.52178  0.00004
 0.18005  0.52320  0.00002
 0.18005  0.52320  0.00046
 0.18005  0.52320  0.00076
 0.18005  0.52320  0.00007
 0.18005  0.52320  0.00001
 0.18005  0.52320  0.00031
 0.18005  0.52320  0.00052
 0.18005  0.52320  0.00005
 0.20386  0.53720  0.00034
 0.20386  0.52739  0.00330
 0.20386  0.52739  0.00324
 0.20386  0.52739  0.00029
 0.20386  0.53720  0.00023
 0.20386  0.52739  0.00224
 0.20386  0.52739  0.00219
 0.20386  0.52739  0.00020
 0.23082  0.54454  0.00003
 0.23082  0.54454  0.00102
 0.23082  0.54454  0.00253
 0.23082  0.54454  0.00040
 0.23082  0.54454  0.00002
 0.23082  0.54454  0.00069
 0.23082  0.54454  0.00172
 0.23082  0.54454  0.00027
 0.29589  1.11942  0.00000
 0.29589  1.11942  0.00012
 0.29589  1.11942  0.00083
 0.29589  1.11942  0.00016
 0.29589  1.09982  0.00000
 0.29589  1.11942  0.00008
 0.29589  1.11942  0.00056
 0.29589  1.11942  0.00011
 0.29589  1.09982  0.00000
 0.29589  1.11942  0.00008
 0.29589  1.11942  0.00050
 0.29589  1.09982  0.00009
 0.33501  1.11933  0.00000
 0.33501  1.11933  0.00099
 0.33501  1.11933  0.00263
 0.33501  1.11933  0.00039
 0.33501  1.11933  0.00000
 0.33501  1.11933  0.00062
 0.33501  1.11933  0.00169
 0.33501  1.11933  0.00026
 0.33501  1.11933  0.00000
 0.33501  1.11933  0.00054
 0.33501  1.11933  0.00147
 0.33501  1.11933  0.00023
 0.37930  1.14402  0.00000
 0.37930  1.14402  0.00037
 0.37930  1.14402  0.00167
 0.37930  1.14402  0.00042
 0.37930  1.14402  0.00000
 0.37930  1.14402  0.00023
 0.37930  1.14402  0.00105
 0.37930  1.14402  0.00026
 0.37930  1.14402  0.00000
 0.37930  1.14402  0.00020
 0.37930  1.14402  0.00090
 0.37930  1.14402  0.00023
 0.42945  1.17456  0.00000
 0.42945  1.17456  0.00012
 0.42945  1.17456  0.00135
 0.42945  1.17456  0.00068
 0.42945  1.17456  0.00000
 0.42945  1.17456  0.00008
 0.42945  1.17456  0.00087
 0.42945  1.17456  0.00044
 0.42945  1.17456  0.00000
 0.42945  1.17456  0.00007
 0.42945  1.17456  0.00076
 0.42945  1.17456  0.00038
 0.42945  1.66015  0.00000
 0.42945  1.66015  0.00011
 0.42945  1.66015  0.00119
 0.42945  1.66015  0.00059
 0.42945  1.66015  0.00000
 0.42945  1.66015  0.00007
 0.42945  1.66015  0.00077
 0.42945  1.66015  0.00038
 0.42945  1.66015  0.00000
 0.42945  1.66015  0.00006
 0.42945  1.66015  0.00067
 0.42945  1.66015  0.00033
 0.48624  1.19213  0.00000
 0.48624  1.19213  0.00004
 0.48624  1.19213  0.00069
 0.48624  1.19213  0.00063
 0.48624  1.19213  0.00000
 0.48624  1.19213  0.00002
 0.48624  1.19213  0.00044
 0.48624  1.19213  0.00040
 0.48624  1.19213  0.00000
 0.48624  1.19213  0.00002
 0.48624  1.19213  0.00038
 0.48624  1.19213  0.00034
 0.48624  1.71693  0.00000
 0.48624  1.71693  0.00003
 0.48624  1.71693  0.00063
 0.48624  1.71693  0.00056
 0.48624  1.71693  0.00000
 0.48624  1.71693  0.00002
 0.48624  1.71693  0.00040
 0.48624  1.71693  0.00036
 0.48624  1.71693  0.00000
 0.48624  1.71693  0.00002
 0.48624  1.71693  0.00034
 0.48624  1.71693  0.00031
 0.55053  1.25641  0.00000
 0.55053  1.25641  0.00008
 0.55053  1.25641  0.00087
 0.55053  1.25641  0.00095
 0.55053  1.25641  0.00000
 0.55053  1.25641  0.00005
 0.55053  1.25641  0.00055
 0.55053  1.25641  0.00060
 0.55053  1.25641  0.00000
 0.55053  1.25641  0.00004
 0.55053  1.25641  0.00048
 0.55053  1.21720  0.00052
 0.55053  1.75325  0.00000
 0.55053  1.75325  0.00007
 0.55053  1.75325  0.00075
 0.55053  1.72528  0.00082
 0.55053  1.75325  0.00000
 0.55053  1.75325  0.00004
 0.55053  1.75325  0.00048
 0.55053  1.72528  0.00052
 0.55053  1.75325  0.00000
 0.55053  1.75325  0.00004
 0.55053  1.75325  0.00041
 0.55053  1.72528  0.00045
 0.62332  1.28999  0.00000
 0.62332  1.28999  0.00000
 0.62332  1.28999  0.00034
 0.62332  1.28999  0.00103
 0.62332  1.28999  0.00000
 0.62332  1.28999  0.00000
 0.62332  1.28999  0.00021
 0.62332  1.28999  0.00064
 0.62332  1.28999  0.00000
 0.62332  1.28999  0.00000
 0.62332  1.28999  0.00018
 0.62332  1.28999  0.00055
 0.62332  1.77010  0.00000
 0.62332  1.77010  0.00000
 0.62332  1.77010  0.00030
 0.62332  1.77010  0.00091
 0.62332  1.77010  0.00000
 0.62332  1.77010  0.00000
 0.62332  1.77010  0.00019
 0.62332  1.77010  0.00057
 0.62332  1.77010  0.00000
 0.62332  1.77010  0.00000
 0.62332  1.77010  0.00016
 0.62332  1.77010  0.00049
 0.79904  1.83394  0.00000
 0.79904  1.83394  0.00000
 0.79904  1.83394  0.00003
 0.79904  1.83394  0.00043
 0.79904  1.83394  0.00000
 0.79904  1.83394  0.00000
 0.79904  1.83394  0.00002
 0.79904  1.83394  0.00027
 0.79904  1.83394  0.00000
 0.79904  1.83394  0.00000
 0.79904  1.83394  0.00002
 0.79904  1.83394  0.00023
 0.90469  1.88365  0.00000
 0.90469  1.88365  0.00000
 0.90469  1.88365  0.00000
 0.90469  1.88365  0.00006
 0.90469  1.88365  0.00000
 0.90469  1.88365  0.00000
 0.90469  1.88365  0.00000
 0.90469  1.88365  0.00004
 0.90469  1.88365  0.00000
 0.90469  1.88365  0.00000
 0.90469  1.88365  0.00000
 0.90469  1.88365  0.00003
 1.02430  3.92226  0.00000
 1.02430  3.92226  0.00000
 1.02430  3.92226  0.00000
 1.02430  3.92226  0.00000
 1.02430  3.92226  0.00000
 1.02430  3.92226  0.00000
 1.02430  3.92226  0.00000
 1.02430  3.80634  0.00000
 1.02430  3.92226  0.00000
 1.02430  3.92226  0.00000
 1.02430  3.92226  0.00000
 1.02430  3.80634  0.00000
 1.02430  3.92226  0.00000
 1.02430  3.92226  0.00000
 1.02430  3.92226  0.00000
 1.02430  3.92226  0.00000
 1.15974  3.82585  0.00000
 1.15974  3.82585  0.00000
 1.15974  3.82585  0.00000
 1.15974  3.82585  0.00000
 1.15974  3.82585  0.00000
 1.15974  3.82585  0.00000
 1.15974  3.82585  0.00000
 1.15974  3.82585  0.00000
 1.15974  3.82585  0.00000
 1.15974  3.82585  0.00000
 1.15974  3.82585  0.00000
 1.15974  3.82585  0.00000
 1.31308  3.97919  0.00000
 1.31308  3.97919  0.00000
 1.31308  3.97919  0.00000
 1.31308  3.97919  0.00000
 1.31308  3.97919  0.00000
 1.31308  3.97919  0.00000
 1.31308  3.97919  0.00000
 1.31308  3.97919  0.00000
 1.31308  3.97919  0.00000
 1.31308  3.97919  0.00000
 1.31308  3.97919  0.00000
 1.31308  3.97919  0.00000
 1.48669  3.97893  0.00000
 1.48669  3.97893  0.00000
 1.48669  3.97893  0.00000
 1.48669  3.97893  0.00000
 1.48669  3.97893  0.00000
 1.48669  3.97893  0.00000
 1.48669  3.97893  0.00000
 1.48669  3.97893  0.00000
 1.68326  4.00162  0.00000
 1.68326  4.00162  0.00000
 1.68326  4.00162  0.00000
 1.68326  4.00162  0.00000
 1.68326  4.00162  0.00000
 1.68326  4.00162  0.00000
 1.68326  4.00162  0.00000
 1.68326  4.00162  0.00000
 1.90582  4.16622  0.00000
 1.90582  4.16622  0.00001
 1.90582  4.16622  0.00000
 1.90582  4.16622  0.00000
 1.90582  4.16622  0.00000
 1.90582  4.16622  0.00000
 1.90582  4.16622  0.00000
 1.90582  4.16622  0.00000
 1.90582  4.16622  0.00000
 1.90582  4.16622  0.00000
 1.90582  4.16622  0.00000
 1.90582  4.16622  0.00000
 1.90582  4.16622  0.00000
 1.90582  4.16622  0.00000
 1.90582  4.16622  0.00000
 1.90582  4.16622  0.00000
 0.14046  0.52712  0.00000
 0.14046  0.52712  0.00007
 0.14046  0.52712  0.00107
 0.14046  0.52712  0.00104
 0.14046  0.52712  0.00011
 0.15903  0.52586  0.00000
 0.15903  0.52586  0.00003
 0.15903  0.52586  0.00054
 0.15903  0.52586  0.00073
 0.15903  0.52586  0.00008
 0.18005  0.53697  0.00003
 0.18005  0.53697  0.00039
 0.18005  0.53697  0.00042
 0.18005  0.53697  0.00004
 0.18005  0.53697  0.00002
 0.18005  0.53697  0.00027
 0.18005  0.53697  0.00029
 0.18005  0.53697  0.00002
 0.20386  0.54095  0.00000
 0.20386  0.54095  0.00050
 0.20386  0.54095  0.00341
 0.20386  0.54095  0.00323
 0.20386  0.54095  0.00039
 0.20386  0.54095  0.00000
 0.20386  0.54095  0.00034
 0.20386  0.54095  0.00231
 0.20386  0.54095  0.00219
 0.20386  0.54095  0.00026
 0.23082  0.54808  0.00000
 0.23082  0.54808  0.00008
 0.23082  0.54808  0.00123
 0.23082  0.54808  0.00202
 0.23082  0.54808  0.00040
 0.23082  0.54808  0.00000
 0.23082  0.54808  0.00005
 0.23082  0.54808  0.00083
 0.23082  0.54808  0.00137
 0.23082  0.54808  0.00027
 1.38845  3.74751  0.00000
 0.26133  0.56868  0.00000
 0.26133  0.56868  0.00000
 0.26133  0.56868  0.00012
 0.26133  0.56868  0.00026
 0.26133  0.56868  0.00010
 0.26133  0.55877  0.00000
 0.26133  0.55877  0.00000
 0.26133  0.55877  0.00008
 0.26133  0.55877  0.00018
 0.26133  0.55877  0.00006
 1.41897  3.83664  0.00000
 1.39582  3.71942  0.00000
 1.39582  3.71942  0.00003
 1.39582  3.71942  0.00006
 0.33501  1.16782  0.00000
 0.33501  1.16782  0.00004
 0.33501  1.14799  0.00098
 0.33501  1.14799  0.00197
 0.33501  1.14799  0.00043
 0.33501  1.14799  0.00000
 0.33501  1.14799  0.00002
 0.33501  1.14799  0.00063
 0.33501  1.14799  0.00129
 0.33501  1.14799  0.00029
 0.33501  1.14799  0.00000
 0.33501  1.14799  0.00002
 0.33501  1.14799  0.00056
 0.33501  1.14799  0.00113
 0.33501  1.14799  0.00025
 0.37930  1.17246  0.00000
 0.37930  1.15263  0.00002
 0.37930  1.17246  0.00111
 0.37930  1.17246  0.00207
 0.37930  1.15263  0.00048
 0.37930  1.15263  0.00000
 0.37930  1.15263  0.00001
 0.37930  1.15263  0.00070
 0.37930  1.15263  0.00132
 0.37930  1.15263  0.00031
 0.37930  1.15263  0.00000
 0.37930  1.15263  0.00001
 0.37930  1.15263  0.00060
 0.37930  1.15263  0.00114
 0.37930  1.15263  0.00027
 0.42945  1.18295  0.00000
 0.42945  1.18295  0.00029
 0.42945  1.18295  0.00114
 0.42945  1.16312  0.00046
 0.42945  1.18295  0.00000
 0.42945  1.18295  0.00019
 0.42945  1.16312  0.00074
 0.42945  1.16312  0.00030
 0.42945  1.18295  0.00000
 0.42945  1.16312  0.00016
 0.42945  1.16312  0.00064
 0.42945  1.16312  0.00026
 0.42945  1.70229  0.00026
 0.42945  1.70229  0.00101
 0.42945  1.70229  0.00041
 0.42945  1.70229  0.00000
 0.42945  1.70229  0.00017
 0.42945  1.70229  0.00066
 0.42945  1.70229  0.00027
 0.42945  1.70229  0.00000
 0.42945  1.70229  0.00015
 0.42945  1.70229  0.00057
 0.42945  1.70229  0.00023
 0.48624  1.21990  0.00000
 0.48624  1.21990  0.00000
 0.48624  1.21990  0.00019
 0.48624  1.21990  0.00099
 0.48624  1.21990  0.00053
 0.48624  1.21990  0.00000
 0.48624  1.21990  0.00000
 0.48624  1.21990  0.00012
 0.48624  1.21990  0.00064
 0.48624  1.21990  0.00034
 0.48624  1.21990  0.00000
 0.48624  1.21990  0.00000
 0.48624  1.21990  0.00011
 0.48624  1.21990  0.00056
 0.48624  1.21990  0.00030
 0.48624  1.78736  0.00000
 0.48624  1.78736  0.00000
 0.48624  1.78736  0.00017
 0.48624  1.73079  0.00087
 0.48624  1.73079  0.00047
 0.48624  1.78736  0.00000
 0.48624  1.78736  0.00000
 0.48624  1.78736  0.00011
 0.48624  1.73079  0.00056
 0.48624  1.73079  0.00030
 0.48624  1.78736  0.00000
 0.48624  1.78736  0.00000
 0.48624  1.78736  0.00009
 0.48624  1.73079  0.00049
 0.48624  1.73079  0.00026
 0.55053  1.30402  0.00000
 0.55053  1.30402  0.00000
 0.55053  1.26436  0.00022
 0.55053  1.26436  0.00135
 0.55053  1.26436  0.00076
 0.55053  1.30402  0.00000
 0.55053  1.26436  0.00000
 0.55053  1.26436  0.00014
 0.55053  1.26436  0.00086
 0.55053  1.26436  0.00048
 0.55053  1.30402  0.00000
 0.55053  1.26436  0.00000
 0.55053  1.26436  0.00012
 0.55053  1.26436  0.00074
 0.55053  1.26436  0.00042
 0.55053  1.79508  0.00000
 0.55053  1.79508  0.00000
 0.55053  1.79508  0.00019
 0.55053  1.79508  0.00118
 0.55053  1.76679  0.00067
 0.55053  1.76679  0.00000
 0.55053  1.79508  0.00000
 0.55053  1.79508  0.00012
 0.55053  1.79508  0.00075
 0.55053  1.76679  0.00043
 0.55053  1.76679  0.00000
 0.55053  1.79508  0.00000
 0.55053  1.79508  0.00010
 0.55053  1.79508  0.00065
 0.55053  1.76679  0.00037
 0.62332  1.33715  0.00000
 0.62332  1.33715  0.00000
 0.62332  1.33715  0.00004
 0.62332  1.33715  0.00056
 0.62332  1.29749  0.00089
 0.62332  1.29749  0.00000
 0.62332  1.33715  0.00000
 0.62332  1.33715  0.00002
 0.62332  1.33715  0.00035
 0.62332  1.29749  0.00056
 0.62332  1.29749  0.00049
 0.62332  1.83958  0.00000
 0.62332  1.78301  0.00000
 0.62332  1.78301  0.00003
 0.62332  1.83958  0.00049
 0.62332  1.83958  0.00078
 0.62332  1.83958  0.00000
 0.62332  1.78301  0.00000
 0.62332  1.78301  0.00002
 0.62332  1.78301  0.00031
 0.62332  1.78301  0.00050
 0.62332  1.83958  0.00000
 0.62332  1.78301  0.00000
 0.62332  1.78301  0.00002
 0.62332  1.78301  0.00027
 0.62332  1.78301  0.00043
 0.79904  1.90216  0.00000
 0.79904  1.90216  0.00000
 0.79904  1.90216  0.00001
 0.79904  1.90216  0.00024
 0.79904  1.90216  0.00058
 0.79904  1.90216  0.00000
 0.79904  1.90216  0.00000
 0.79904  1.90216  0.00001
 0.79904  1.90216  0.00015
 0.79904  1.90216  0.00037
 0.79904  1.90216  0.00000
 0.79904  1.90216  0.00000
 0.79904  1.90216  0.00000
 0.79904  1.90216  0.00013
 0.79904  1.90216  0.00031
 0.90469  1.97953  0.00000
 0.90469  1.95124  0.00000
 0.90469  1.95124  0.00002
 0.90469  1.95124  0.00015
 0.90469  1.97953  0.00000
 0.90469  1.95124  0.00000
 0.90469  1.95124  0.00001
 0.90469  1.89467  0.00010
 0.90469  1.97953  0.00000
 0.90469  1.95124  0.00000
 0.90469  1.95124  0.00001
 0.90469  1.89467  0.00008
 1.02430  3.95489  0.00000
 1.02430  3.95489  0.00000
 1.02430  3.95489  0.00000
 1.02430  3.95489  0.00000
 1.02430  3.95489  0.00000
 1.02430  3.95489  0.00000
 1.02430  3.95489  0.00000
 1.02430  3.95489  0.00000
 1.02430  3.95489  0.00000
 1.02430  3.95489  0.00000
 1.02430  3.95489  0.00000
 1.02430  3.95489  0.00000
 1.02430  3.95489  0.00000
 1.02430  3.95489  0.00000
 1.02430  3.95489  0.00000
 1.02430  3.95489  0.00000
 1.15974  3.85587  0.00000
 1.15974  3.85587  0.00000
 1.15974  3.85587  0.00000
 1.15974  3.85587  0.00000
 1.15974  3.85587  0.00000
 1.15974  3.85587  0.00000
 1.15974  3.85587  0.00000
 1.15974  3.85587  0.00000
 1.15974  3.85587  0.00000
 1.15974  3.85587  0.00000
 1.15974  3.85587  0.00000
 1.15974  3.85587  0.00000
 1.31308  4.00921  0.00000
 1.31308  4.00921  0.00000
 1.31308  4.00921  0.00000
 1.31308  4.00921  0.00000
 1.31308  4.00921  0.00000
 1.31308  4.00921  0.00000
 1.31308  4.00921  0.00000
 1.31308  4.00921  0.00000
 1.31308  4.00921  0.00000
 1.31308  4.00921  0.00000
 1.31308  4.00921  0.00000
 1.31308  4.00921  0.00000
 1.48669  4.00699  0.00000
 1.48669  4.00699  0.00000
 1.48669  4.00699  0.00001
 1.48669  4.00699  0.00000
 1.48669  4.00699  0.00000
 1.48669  4.00699  0.00000
 1.48669  4.00699  0.00000
 1.48669  4.00699  0.00000
 1.48669  4.00699  0.00000
 1.48669  4.00699  0.00000
 1.48669  4.00699  0.00000
 1.48669  4.00699  0.00000
 1.48669  4.00699  0.00000
 1.48669  4.00699  0.00000
 1.48669  4.00699  0.00000
 1.48669  4.00699  0.00000
 1.48669  4.00699  0.00000
 1.48669  4.00699  0.00000
 1.48669  4.00699  0.00000
 1.48669  4.00699  0.00000
 1.68326  4.14495  0.00000
 1.68326  4.14495  0.00000
 1.68326  4.14495  0.00000
 1.68326  4.14495  0.00000
 1.68326  4.14495  0.00000
 1.68326  4.14495  0.00000
 1.68326  4.14495  0.00000
 1.68326  4.14495  0.00000
 1.68326  4.14495  0.00000
 1.68326  4.14495  0.00000
 1.68326  4.14495  0.00000
 1.68326  4.14495  0.00000
 1.68326  4.14495  0.00000
 1.68326  4.14495  0.00000
 1.68326  4.14495  0.00000
 1.68326  4.14495  0.00000
 1.90582  4.19167  0.00000
 1.90582  4.19167  0.00000
 1.90582  4.19167  0.00001
 1.90582  4.19167  0.00000
 1.90582  4.19167  0.00000
 1.90582  4.19167  0.00000
 1.90582  4.19167  0.00000
 1.90582  4.19167  0.00001
 1.90582  4.19167  0.00000
 1.90582  4.19167  0.00000
 1.90582  4.19167  0.00000
 1.90582  4.19167  0.00000
 1.90582  4.19167  0.00000
 1.90582  4.19167  0.00000
 1.90582  4.19167  0.00000
 1.90582  4.19167  0.00000
 1.90582  4.19167  0.00000
 1.90582  4.19167  0.00000
 1.90582  4.19167  0.00000
 1.90582  4.19167  0.00000
 2.15780  4.32643  0.00000
 2.15780  4.32643  0.00000
 2.15780  4.32643  0.00000
 2.15780  4.32643  0.00000
 2.15780  4.32643  0.00000
 2.15780  4.32643  0.00000
 2.15780  4.32643  0.00000
 2.15780  4.32643  0.00000
 2.15780  4.32643  0.00000
 2.15780  4.32643  0.00000
 2.15780  4.32643  0.00000
 2.15780  4.32643  0.00000
 2.15780  4.32643  0.00000
 2.15780  4.32643  0.00000
 2.15780  4.32643  0.00000
 2.15780  4.32643  0.00000
 2.15780  4.32643  0.00000
 2.15780  4.32643  0.00000
 2.15780  4.32643  0.00000
 2.15780  4.32643  0.00000
 0.14046  0.52638  0.00000
 0.14046  0.52638  0.00010
 0.14046  0.52638  0.00083
 0.14046  0.52638  0.00079
 0.14046  0.52638  0.00009
 0.15903  0.53505  0.00000
 0.15903  0.53505  0.00015
 0.15903  0.53505  0.00121
 0.15903  0.53505  0.00116
 0.15903  0.53505  0.00018
 0.18005  0.53629  0.00000
 0.18005  0.53629  0.00009
 0.18005  0.53629  0.00124
 0.18005  0.53629  0.00154
 0.18005  0.53629  0.00026
 0.18005  0.53629  0.00000
 0.18005  0.53629  0.00006
 0.18005  0.53629  0.00083
 0.18005  0.53629  0.00104
 0.18005  0.53629  0.00018
 0.20386  0.55020  0.00000
 0.20386  0.55020  0.00003
 0.20386  0.54031  0.00099
 0.20386  0.54031  0.00099
 0.20386  0.54031  0.00014
 0.20386  0.55020  0.00000
 0.20386  0.55020  0.00002
 0.20386  0.54031  0.00068
 0.20386  0.54031  0.00068
 0.20386  0.54031  0.00010
 1.48581  4.06483  0.00000
 1.44003  3.94783  0.00001
 1.37135  3.83083  0.00025
 1.37135  3.83083  0.00025
 1.37135  3.77233  0.00004
 0.26133  0.59778  0.00000
 0.26133  0.58788  0.00059
 0.26133  0.58788  0.00308
 0.26133  0.57799  0.00302
 0.26133  0.57799  0.00051
 0.26133  0.59778  0.00000
 0.26133  0.57799  0.00040
 0.26133  0.57799  0.00208
 0.26133  0.57799  0.00204
 0.26133  0.57799  0.00034
 1.47461  4.00530  0.00000
 1.47461  4.00530  0.00014
 1.47461  4.00530  0.00075
 1.38304  3.77130  0.00075
 1.36015  3.71280  0.00013
 0.29589  0.59275  0.00000
 0.29589  0.59275  0.00000
 0.29589  0.59275  0.00000
 0.29589  1.16668  0.00000
 0.29589  1.16668  0.00000
 0.29589  1.16668  0.00000
 0.33501  1.18602  0.00000
 0.33501  1.18602  0.00003
 0.33501  1.18602  0.00049
 0.33501  1.18602  0.00107
 0.33501  1.16623  0.00033
 0.33501  1.18602  0.00000
 0.33501  1.18602  0.00002
 0.33501  1.18602  0.00033
 0.33501  1.18602  0.00072
 0.33501  1.16623  0.00022
 0.33501  1.18602  0.00000
 0.33501  1.18602  0.00002
 0.33501  1.18602  0.00030
 0.33501  1.18602  0.00065
 0.33501  1.16623  0.00020
 0.37930  1.23031  0.00000
 0.37930  1.23031  0.00002
 0.37930  1.17094  0.00019
 0.37930  1.17094  0.00053
 0.37930  1.17094  0.00035
 0.37930  1.23031  0.00000
 0.37930  1.21052  0.00002
 0.37930  1.17094  0.00013
 0.37930  1.17094  0.00035
 0.37930  1.17094  0.00023
 0.37930  1.23031  0.00000
 0.37930  1.21052  0.00001
 0.37930  1.17094  0.00011
 0.37930  1.17094  0.00031
 0.37930  1.17094  0.00020
 0.42945  1.28046  0.00000
 0.42945  1.24088  0.00015
 0.42945  1.22109  0.00171
 0.42945  1.22109  0.00213
 0.42945  1.22109  0.00041
 0.42945  1.28046  0.00000
 0.42945  1.24088  0.00009
 0.42945  1.22109  0.00108
 0.42945  1.22109  0.00137
 0.42945  1.22109  0.00026
 0.42945  1.24088  0.00000
 0.42945  1.24088  0.00008
 0.42945  1.22109  0.00094
 0.42945  1.22109  0.00119
 0.42945  1.22109  0.00023
 0.48624  1.27787  0.00000
 0.48624  1.27787  0.00002
 0.48624  1.27787  0.00082
 0.48624  1.27787  0.00230
 0.48624  1.27787  0.00078
 0.48624  1.27787  0.00000
 0.48624  1.27787  0.00001
 0.48624  1.27787  0.00053
 0.48624  1.27787  0.00148
 0.48624  1.27787  0.00050
 0.48624  1.27787  0.00046
 0.48624  1.27787  0.00128
 0.48624  1.27787  0.00043
 0.48624  1.78487  0.00000
 0.48624  1.78487  0.00002
 0.48624  1.78487  0.00074
 0.48624  1.78487  0.00206
 0.48624  1.78487  0.00069
 0.48624  1.78487  0.00000
 0.48624  1.78487  0.00001
 0.48624  1.78487  0.00047
 0.48624  1.78487  0.00132
 0.48624  1.78487  0.00044
 0.48624  1.78487  0.00114
 0.48624  1.78487  0.00038
 0.55053  1.30258  0.00000
 0.55053  1.30258  0.00001
 0.55053  1.30258  0.00010
 0.55053  1.30258  0.00049
 0.55053  1.30258  0.00044
 0.55053  1.30258  0.00000
 0.55053  1.30258  0.00000
 0.55053  1.30258  0.00006
 0.55053  1.30258  0.00032
 0.55053  1.30258  0.00028
 0.55053  1.30258  0.00025
 0.55053  1.87739  0.00000
 0.55053  1.87739  0.00001
 0.55053  1.82092  0.00009
 0.55053  1.82092  0.00044
 0.55053  1.82092  0.00039
 0.55053  1.87739  0.00000
 0.55053  1.87739  0.00000
 0.55053  1.82092  0.00006
 0.55053  1.76446  0.00028
 0.55053  1.82092  0.00025
 0.62332  1.37537  0.00000
 0.62332  1.37537  0.00000
 0.62332  1.33579  0.00035
 0.62332  1.33579  0.00154
 0.62332  1.33579  0.00075
 0.62332  1.37537  0.00000
 0.62332  1.37537  0.00000
 0.62332  1.33579  0.00022
 0.62332  1.29620  0.00098
 0.62332  1.33579  0.00048
 0.62332  1.83725  0.00000
 0.62332  1.83725  0.00000
 0.62332  1.83725  0.00031
 0.62332  1.83725  0.00135
 0.62332  1.83725  0.00066
 0.62332  1.83725  0.00000
 0.62332  1.83725  0.00000
 0.62332  1.83725  0.00020
 0.62332  1.83725  0.00086
 0.62332  1.83725  0.00042
 0.62332  1.83725  0.00000
 0.62332  1.83725  0.00000
 0.62332  1.83725  0.00017
 0.62332  1.83725  0.00074
 0.62332  1.83725  0.00036
 0.70573  1.41820  0.00000
 0.70573  1.91967  0.00000
 0.70573  1.91967  0.00000
 0.70573  1.91967  0.00002
 0.70573  1.91967  0.00015
 0.70573  1.80674  0.00020
 0.70573  1.91967  0.00000
 0.70573  1.91967  0.00000
 0.70573  1.91967  0.00001
 0.70573  1.80674  0.00010
 0.70573  1.80674  0.00013
 0.70573  1.91967  0.00000
 0.70573  1.91967  0.00000
 0.70573  1.91967  0.00001
 0.70573  1.80674  0.00008
 0.70573  1.80674  0.00011
 0.79904  1.98475  0.00000
 0.79904  1.98475  0.00000
 0.79904  1.98475  0.00005
 0.79904  1.98475  0.00049
 0.79904  1.90005  0.00063
 0.79904  1.98475  0.00000
 0.79904  1.98475  0.00000
 0.79904  1.98475  0.00003
 0.79904  1.90005  0.00031
 0.79904  1.90005  0.00039
 0.79904  1.98475  0.00000
 0.79904  1.98475  0.00000
 0.79904  1.90005  0.00002
 0.79904  1.90005  0.00026
 0.79904  1.90005  0.00034
 0.90469  2.03393  0.00000
 0.90469  2.03393  0.00000
 0.90469  2.03393  0.00001
 0.90469  2.03393  0.00010
 0.90469  1.97747  0.00020
 0.90469  2.03393  0.00000
 0.90469  2.03393  0.00000
 0.90469  2.03393  0.00000
 0.90469  2.03393  0.00006
 0.90469  1.97747  0.00012
 0.90469  2.03393  0.00000
 0.90469  2.03393  0.00000
 0.90469  2.03393  0.00000
 0.90469  2.03393  0.00005
 0.90469  1.97747  0.00010
 1.02430  4.00778  0.00000
 1.02430  4.00778  0.00000
 1.02430  4.00778  0.00000
 1.02430  4.00778  0.00001
 1.02430  4.00778  0.00003
 1.02430  4.00778  0.00000
 1.02430  4.00778  0.00000
 1.02430  4.00778  0.00000
 1.02430  4.00778  0.00000
 1.02430  4.00778  0.00002
 1.02430  4.00778  0.00000
 1.02430  4.00778  0.00000
 1.02430  4.00778  0.00000
 1.02430  4.00778  0.00000
 1.02430  4.00778  0.00002
 1.02430  4.00778  0.00000
 1.02430  4.00778  0.00000
 1.02430  4.00778  0.00000
 1.02430  4.00778  0.00000
 1.02430  4.00778  0.00001
 1.15974  3.96771  0.00000
 1.15974  3.96771  0.00000
 1.15974  3.96771  0.00000
 1.15974  3.96771  0.00000
 1.15974  3.90921  0.00000
 1.15974  3.96771  0.00000
 1.15974  3.96771  0.00000
 1.15974  3.96771  0.00000
 1.15974  3.96771  0.00000
 1.15974  3.90921  0.00000
 1.15974  3.96771  0.00000
 1.15974  3.96771  0.00000
 1.15974  3.96771  0.00000
 1.15974  3.90921  0.00000
 1.15974  3.90921  0.00000
 1.15974  3.96771  0.00000
 1.15974  3.96771  0.00000
 1.15974  3.96771  0.00000
 1.15974  3.96771  0.00000
 1.15974  3.90921  0.00000
 1.31308  4.12105  0.00000
 1.31308  4.12105  0.00000
 1.31308  4.12105  0.00000
 1.31308  4.12105  0.00000
 1.31308  4.00405  0.00000
 1.31308  4.12105  0.00000
 1.31308  4.12105  0.00000
 1.31308  4.12105  0.00000
 1.31308  4.12105  0.00000
 1.31308  4.00405  0.00000
 1.31308  4.12105  0.00000
 1.31308  4.12105  0.00000
 1.31308  4.12105  0.00000
 1.31308  4.12105  0.00000
 1.31308  4.00405  0.00000
 1.31308  4.12105  0.00000
 1.31308  4.12105  0.00000
 1.31308  4.12105  0.00000
 1.31308  4.12105  0.00000
 1.31308  4.00405  0.00000
 1.48669  4.00217  0.00000
 1.48669  4.00217  0.00000
 1.48669  4.00217  0.00001
 1.48669  4.00217  0.00000
 1.48669  4.00217  0.00000
 1.48669  4.00217  0.00000
 1.48669  4.00217  0.00000
 1.48669  4.00217  0.00000
 1.48669  4.00217  0.00000
 1.48669  4.00217  0.00000
 1.48669  4.00217  0.00000
 1.48669  4.00217  0.00000
 1.48669  4.00217  0.00000
 1.48669  4.00217  0.00000
 1.48669  4.00217  0.00000
 1.48669  4.00217  0.00000
 1.48669  4.00217  0.00000
 1.48669  4.00217  0.00000
 1.48669  4.00217  0.00000
 1.48669  4.00217  0.00000
 1.68326  4.14024  0.00000
 1.68326  4.14024  0.00000
 1.68326  4.14024  0.00001
 1.68326  4.14024  0.00000
 1.68326  4.14024  0.00000
 1.68326  4.14024  0.00000
 1.68326  4.14024  0.00000
 1.68326  4.14024  0.00000
 1.68326  4.14024  0.00000
 1.68326  4.14024  0.00000
 1.68326  4.14024  0.00000
 1.68326  4.14024  0.00000
 1.68326  4.14024  0.00000
 1.68326  4.14024  0.00000
 1.68326  4.14024  0.00000
 1.68326  4.14024  0.00000
 1.68326  4.14024  0.00000
 1.68326  4.14024  0.00000
 1.68326  4.14024  0.00000
 1.68326  4.14024  0.00000
 1.90582  4.24580  0.00000
 1.90582  4.24580  0.00000
 1.90582  4.18730  0.00001
 1.90582  4.18730  0.00000
 1.90582  4.18730  0.00000
 1.90582  4.24580  0.00000
 1.90582  4.24580  0.00000
 1.90582  4.18730  0.00000
 1.90582  4.18730  0.00000
 1.90582  4.18730  0.00000
 1.90582  4.24580  0.00000
 1.90582  4.24580  0.00000
 1.90582  4.18730  0.00000
 1.90582  4.18730  0.00000
 1.90582  4.18730  0.00000
 1.90582  4.24580  0.00000
 1.90582  4.24580  0.00000
 1.90582  4.18730  0.00000
 1.90582  4.18730  0.00000
 1.90582  4.18730  0.00000
 2.15780  4.38078  0.00000
 2.15780  4.38078  0.00001
 2.15780  4.38078  0.00001
 2.15780  4.38078  0.00000
 2.15780  4.38078  0.00000
 2.15780  4.38078  0.00001
 2.15780  4.38078  0.00001
 2.15780  4.38078  0.00000
 2.15780  4.38078  0.00000
 2.15780  4.38078  0.00001
 2.15780  4.38078  0.00001
 2.15780  4.38078  0.00000
 2.15780  4.38078  0.00000
 2.15780  4.38078  0.00000
 2.15780  4.38078  0.00000
 2.15780  4.38078  0.00000
 1.43296  4.26407  0.00001
 1.41057  4.09120  0.00087
 1.41057  4.09120  0.00211
 1.34340  4.03358  0.00079
 1.43328  4.26439  0.00000
 1.41089  4.09152  0.00000
 1.43332  4.26443  0.00000
 1.41093  4.09156  0.00000
 1.41093  4.09156  0.00000
 1.34376  4.03394  0.00000
 1.41104  4.09167  0.00000
 1.41104  4.09167  0.00003
 1.34386  4.03404  0.00002
 1.34400  4.03417  0.00000
 1.41133  4.09196  0.00000
 1.41133  4.09196  0.00000
 1.41155  4.09218  0.00001
 1.41155  4.09218  0.00002
 1.34438  4.03456  0.00000
 1.41168  4.09231  0.00000
 1.41168  4.09231  0.00000
 1.41218  4.09281  0.00000
 1.41218  4.09281  0.00000
 1.34501  4.03519  0.00000
 1.43502  4.26613  0.00000
 1.41263  4.09326  0.00000
 1.41263  4.09326  0.00000
 1.41321  4.09384  0.00000
 1.34604  4.03622  0.00001
 1.41396  4.09459  0.00001
 1.39157  4.09459  0.00004
 1.39157  4.09459  0.00009
 1.43730  4.26841  0.00000
 1.39252  4.09554  0.00000
 1.39252  4.09554  0.00001
 1.39252  4.09554  0.00001
 1.43852  4.26963  0.00000
 1.39374  4.09677  0.00000
 1.39374  4.09677  0.00027
 1.44009  4.27120  0.00000
 1.39531  4.09833  0.00000
 1.39531  4.09833  0.00001
 1.44104  4.27214  0.00000
 1.39626  4.09928  0.00001
 1.39626  4.09928  0.00040
 1.39626  4.09928  0.00001
 1.44210  4.21559  0.00000
 1.39732  4.10034  0.00000
 1.39732  4.10034  0.00000
 1.39853  4.10155  0.00000
 1.39853  4.10155  0.00006
 1.39853  4.10155  0.00013
 1.39990  4.10292  0.00009
 1.39990  4.10292  0.00002
 1.40145  4.10447  0.00000
 1.40145  4.10447  0.00000
 1.44799  4.16385  0.00000
 1.38082  4.10623  0.00000
 1.38082  4.10623  0.00000
 1.38280  4.10821  0.00000
 1.38280  4.10821  0.00003
 1.49700  4.16808  0.00000
 1.38505  4.11046  0.00020
 1.40744  4.05284  0.00018
 1.39374  4.06153  0.00000
 1.39374  4.06153  0.00000
 1.39744  4.06523  0.00000
 1.37505  4.06523  0.00000
 1.37924  4.06941  0.00000
 1.37924  4.06941  0.00001
 1.38397  4.01653  0.00001
 1.38397  4.01653  0.00004
 1.43412  4.19476  0.00000
 1.43412  4.19476  0.00019
 1.38934  4.02189  0.00077
 1.38934  4.02189  0.00029
 1.44019  4.08559  0.00000
 1.44019  4.08559  0.00000
 0.14046  0.54984  0.00007
 0.15903  0.62689  0.00000
 0.15903  0.60739  0.00014
 0.15903  0.58790  0.00021
 0.15903  0.56841  0.00133
 0.15903  0.55866  0.00027
 0.18005  0.62842  0.00001
 0.18005  0.61867  0.00095
 0.18005  0.58943  0.00556
 0.18005  0.57969  0.00235
 0.18005  0.56994  0.00021
 0.23082  0.64019  0.00000
 0.23082  0.62070  0.00000
 0.23082  0.64019  0.00000
 0.23082  0.62070  0.00000
 1.46227  4.03390  0.00000
 1.46227  3.97628  0.00000
 0.26133  0.65122  0.00000
 0.26133  0.63172  0.00019
 0.26133  0.63172  0.00145
 0.26133  0.62198  0.00196
 0.26133  0.61223  0.00041
 0.26133  0.65122  0.00000
 0.26133  0.63172  0.00013
 0.26133  0.63172  0.00098
 0.26133  0.62198  0.00133
 0.26133  0.61223  0.00028
 1.53756  4.06442  0.00000
 1.47039  3.94918  0.00005
 1.44800  3.94918  0.00037
 1.44800  3.94918  0.00051
 1.38083  3.83393  0.00011
 0.29589  0.66628  0.00000
 0.29589  0.65653  0.00005
 0.29589  0.65653  0.00000
 0.29589  0.66628  0.00000
 0.29589  0.65653  0.00004
 0.29589  0.65653  0.00000
 0.29589  0.65653  0.00000
 1.52734  4.04135  0.00000
 1.52734  4.04135  0.00001
 1.50495  3.86849  0.00000
 0.33501  0.68590  0.00000
 0.33501  0.68590  0.00066
 0.33501  0.67616  0.00305
 0.33501  0.68590  0.00000
 0.33501  0.68590  0.00045
 0.33501  0.67616  0.00207
 0.33501  1.30972  0.00000
 0.33501  1.27073  0.00042
 0.33501  1.27073  0.00196
 0.33501  1.23174  0.00141
 0.33501  1.23174  0.00022
 0.33501  1.27073  0.00029
 0.33501  1.27073  0.00133
 0.33501  1.23174  0.00096
 0.33501  1.23174  0.00015
 0.33501  1.23174  0.00013
 0.37930  1.33452  0.00000
 0.37930  1.29553  0.00009
 0.37930  1.27604  0.00132
 0.37930  1.25654  0.00238
 0.37930  1.25654  0.00051
 0.37930  1.27604  0.00090
 0.37930  1.25654  0.00161
 0.37930  1.25654  0.00035
 0.42945  1.30669  0.00009
 0.42945  1.30669  0.00072
 0.42945  1.26770  0.00096
 0.42945  1.26770  0.00039
 0.42945  1.26770  0.00061
 0.42945  1.26770  0.00026
 0.48624  1.34398  0.00000
 0.48624  1.32449  0.00015
 0.48624  1.32449  0.00158
 0.48624  1.28550  0.00286
 0.48624  1.28550  0.00099
 0.48624  1.28550  0.00064
 0.48624  1.87663  0.00000
 0.48624  1.87663  0.00014
 0.48624  1.87663  0.00143
 0.48624  1.82101  0.00256
 0.48624  1.82101  0.00088
 0.48624  1.87663  0.00000
 0.48624  1.87663  0.00009
 0.48624  1.87663  0.00091
 0.48624  1.82101  0.00165
 0.48624  1.82101  0.00057
 0.55053  1.36928  0.00000
 0.55053  1.36928  0.00001
 0.55053  1.33029  0.00008
 0.55053  1.33029  0.00007
 0.55053  1.31080  0.00015
 0.55053  1.94092  0.00000
 0.55053  1.88530  0.00001
 0.55053  1.85750  0.00007
 0.55053  1.85750  0.00007
 0.55053  1.85750  0.00013
 0.55053  1.94092  0.00000
 0.55053  1.88530  0.00001
 0.55053  1.85750  0.00005
 0.55053  1.85750  0.00004
 0.55053  1.85750  0.00009
 0.62332  1.40308  0.00000
 0.62332  1.40308  0.00004
 0.62332  1.36409  0.00066
 0.62332  1.36409  0.00127
 0.62332  1.36409  0.00044
 0.62332  1.40308  0.00000
 0.62332  1.40308  0.00002
 0.62332  1.36409  0.00043
 0.62332  1.36409  0.00083
 0.62332  1.36409  0.00029
 0.62332  1.95809  0.00000
 0.62332  1.90248  0.00003
 0.62332  1.90248  0.00059
 0.62332  1.84686  0.00113
 0.62332  1.84686  0.00040
 0.62332  1.95809  0.00000
 0.62332  1.90248  0.00002
 0.62332  1.90248  0.00038
 0.62332  1.84686  0.00074
 0.62332  1.84686  0.00026
 0.62332  1.95809  0.00000
 0.62332  1.90248  0.00002
 0.62332  1.90248  0.00034
 0.62332  1.84686  0.00065
 0.62332  1.84686  0.00023
 0.70573  1.44651  0.00000
 0.70573  1.44651  0.00000
 0.70573  1.98489  0.00000
 0.70573  1.90147  0.00002
 0.70573  1.90147  0.00034
 0.70573  1.90147  0.00106
 0.70573  1.87366  0.00053
 0.70573  1.98489  0.00000
 0.70573  1.90147  0.00001
 0.70573  1.90147  0.00022
 0.70573  1.90147  0.00068
 0.70573  1.87366  0.00034
 0.70573  1.98489  0.00000
 0.70573  1.90147  0.00001
 0.70573  1.90147  0.00019
 0.70573  1.90147  0.00059
 0.70573  1.87366  0.00029
 0.79904  1.96697  0.00000
 0.79904  1.96697  0.00001
 0.79904  1.96697  0.00029
 0.79904  1.96697  0.00102
 0.79904  1.88355  0.00083
 0.79904  1.96697  0.00000
 0.79904  1.96697  0.00001
 0.79904  1.96697  0.00018
 0.79904  1.96697  0.00065
 0.79904  1.88355  0.00053
 0.79904  1.96697  0.00000
 0.79904  1.96697  0.00001
 0.79904  1.96697  0.00016
 0.79904  1.96697  0.00056
 0.79904  1.88355  0.00046
 0.90469  2.01700  0.00000
 0.90469  2.01700  0.00000
 0.90469  2.01700  0.00004
 0.90469  1.96139  0.00027
 0.90469  1.96139  0.00026
 0.90469  2.01700  0.00000
 0.90469  2.01700  0.00000
 0.90469  2.01700  0.00002
 0.90469  1.96139  0.00017
 0.90469  1.96139  0.00016
 0.90469  2.01700  0.00000
 0.90469  2.01700  0.00000
 0.90469  2.01700  0.00002
 0.90469  1.96139  0.00015
 0.90469  1.96139  0.00014
 1.02430  2.08101  0.00000
 1.02430  2.08101  0.00000
 1.02430  2.08101  0.00000
 1.02430  2.08101  0.00000
 1.02430  2.08101  0.00000
 1.02430  2.08101  0.00000
 1.02430  2.08101  0.00000
 1.02430  2.08101  0.00000
 1.02430  3.96306  0.00000
 1.02430  3.96306  0.00000
 1.02430  3.96306  0.00001
 1.02430  3.96306  0.00003
 1.02430  3.96306  0.00005
 1.02430  3.96306  0.00000
 1.02430  3.96306  0.00000
 1.02430  3.96306  0.00000
 1.02430  3.96306  0.00002
 1.02430  3.96306  0.00003
 1.02430  3.96306  0.00000
 1.02430  3.96306  0.00000
 1.02430  3.96306  0.00000
 1.02430  3.96306  0.00002
 1.02430  3.96306  0.00003
 1.02430  3.96306  0.00000
 1.02430  3.96306  0.00000
 1.02430  3.96306  0.00000
 1.02430  3.96306  0.00001
 1.02430  3.96306  0.00002
 1.15974  3.92562  0.00000
 1.15974  3.92562  0.00000
 1.15974  3.92562  0.00001
 1.15974  3.92562  0.00000
 1.15974  3.86800  0.00000
 1.15974  3.92562  0.00000
 1.15974  3.92562  0.00000
 1.15974  3.92562  0.00000
 1.15974  3.92562  0.00000
 1.15974  3.86800  0.00000
 1.15974  3.92562  0.00000
 1.15974  3.92562  0.00000
 1.15974  3.92562  0.00000
 1.15974  3.92562  0.00000
 1.15974  3.86800  0.00000
 1.15974  3.92562  0.00000
 1.15974  3.92562  0.00000
 1.15974  3.92562  0.00000
 1.15974  3.92562  0.00000
 1.15974  3.86800  0.00000
 1.31308  4.07896  0.00000
 1.31308  4.07896  0.00000
 1.31308  4.07896  0.00001
 1.31308  3.96371  0.00000
 1.31308  3.96371  0.00000
 1.31308  4.07896  0.00000
 1.31308  4.07896  0.00000
 1.31308  4.07896  0.00000
 1.31308  3.96371  0.00000
 1.31308  3.96371  0.00000
 1.31308  4.07896  0.00000
 1.31308  4.07896  0.00000
 1.31308  4.07896  0.00000
 1.31308  3.96371  0.00000
 1.31308  3.96371  0.00000
 1.31308  4.07896  0.00000
 1.31308  4.07896  0.00000
 1.31308  4.07896  0.00000
 1.31308  3.96371  0.00000
 1.31308  3.96371  0.00000
 1.48669  3.96446  0.00000
 1.48669  3.96446  0.00000
 1.48669  3.96446  0.00001
 1.48669  3.96446  0.00000
 1.48669  3.96446  0.00000
 1.48669  3.96446  0.00000
 1.48669  3.96446  0.00000
 1.48669  3.96446  0.00000
 1.48669  3.96446  0.00000
 1.48669  3.96446  0.00000
 1.48669  3.96446  0.00000
 1.48669  3.96446  0.00000
 1.48669  3.96446  0.00000
 1.48669  3.96446  0.00000
 1.48669  3.96446  0.00000
 1.48669  3.96446  0.00000
 1.48669  3.96446  0.00000
 1.48669  3.96446  0.00000
 1.48669  3.96446  0.00000
 1.48669  3.96446  0.00000
 1.68326  4.10341  0.00000
 1.68326  4.10341  0.00000
 1.68326  3.98816  0.00001
 1.68326  3.98816  0.00001
 1.68326  3.98816  0.00000
 1.68326  4.10341  0.00000
 1.68326  4.10341  0.00000
 1.68326  3.98816  0.00001
 1.68326  3.98816  0.00000
 1.68326  3.98816  0.00000
 1.68326  4.10341  0.00000
 1.68326  4.10341  0.00000
 1.68326  3.98816  0.00001
 1.68326  3.98816  0.00000
 1.68326  3.98816  0.00000
 1.68326  4.10341  0.00000
 1.68326  4.10341  0.00000
 1.68326  3.98816  0.00000
 1.68326  3.98816  0.00000
 1.68326  3.98816  0.00000
 1.90582  4.15310  0.00000
 1.90582  4.15310  0.00000
 1.90582  4.15310  0.00001
 1.90582  4.15310  0.00001
 1.90582  4.15310  0.00000
 1.90582  4.15310  0.00000
 1.90582  4.15310  0.00000
 1.90582  4.15310  0.00000
 1.90582  4.15310  0.00000
 1.90582  4.15310  0.00000
 1.90582  4.15310  0.00000
 1.90582  4.15310  0.00000
 1.90582  4.15310  0.00000
 1.90582  4.15310  0.00000
 1.90582  4.15310  0.00000
 1.90582  4.15310  0.00000
 1.90582  4.15310  0.00000
 1.90582  4.15310  0.00000
 1.90582  4.15310  0.00000
 1.90582  4.15310  0.00000
 2.15780  4.34746  0.00000
 2.15780  4.34746  0.00000
 2.15780  4.34746  0.00000
 2.15780  4.34746  0.00000
