 0.62332  0.81641  0.00050
 0.62332  0.81641  0.00031
 0.62332  0.81641  0.00026
 0.70573  0.88963  0.00032
 0.70573  0.88963  0.00020
 0.70573  0.88963  0.00017
 1.48669  1.61542  0.00000
 1.48669  1.61542  0.00000
 1.48669  1.61542  0.00000
 1.48669  1.61542  0.00000
 1.48669  1.87289  0.00000
 1.48669  1.87289  0.00000
 1.48669  1.87289  0.00000
 1.48669  1.87289  0.00000
 1.68326  1.80280  0.00000
 1.68326  1.80280  0.00000
 1.68326  1.80280  0.00000
 1.68326  1.80280  0.00000
 1.68326  2.06946  0.00000
 1.68326  2.06946  0.00000
 1.68326  2.06946  0.00000
 1.68326  2.06946  0.00000
 3.13186  3.21462  0.00002
 3.13186  3.21462  0.00001
 3.13186  3.21462  0.00001
 3.13186  3.21462  0.00001
 3.13186  3.38933  0.00002
 3.13186  3.38933  0.00001
 3.13186  3.38933  0.00001
 3.13186  3.38933  0.00001
 3.13186  3.60406  0.00002
 3.13186  3.60406  0.00001
 3.13186  3.60406  0.00001
 3.13186  3.60406  0.00001
 4.01480  4.08836  0.00002
 4.01480  4.08836  0.00002
 4.01480  4.08836  0.00002
 4.01480  4.08836  0.00002
 4.01480  4.23548  0.00001
 4.01480  4.23548  0.00001
 4.01480  4.23548  0.00001
 4.01480  4.23548  0.00001
 4.01480  4.40829  0.00001
 4.01480  4.40829  0.00001
 4.01480  4.40829  0.00001
 4.01480  4.40829  0.00001
 4.01480  5.31943  0.00001
 4.01480  5.31943  0.00001
 4.01480  5.31943  0.00001
 4.01480  5.31943  0.00001
 0.70573  0.90658  0.00000
 0.70573  0.90658  0.00009
 0.70573  0.90658  0.00000
 0.70573  0.90658  0.00006
 0.70573  0.90658  0.00000
 0.70573  0.90658  0.00005
 0.79904  0.98076  0.00036
 0.79904  0.98076  0.00022
 0.79904  0.98076  0.00019
 0.90469  1.08641  0.00002
 0.90469  1.08641  0.00001
 0.90469  1.08641  0.00001
 1.02430  1.18690  0.00000
 1.02430  1.18690  0.00000
 1.02430  1.18690  0.00000
 1.02430  1.18690  0.00000
 1.02430  1.18690  0.00000
 1.02430  1.18690  0.00000
 1.15974  1.32233  0.00000
 1.15974  1.32233  0.00000
 1.15974  1.32233  0.00000
 1.15974  1.32233  0.00000
 1.15974  1.32233  0.00000
 1.15974  1.32233  0.00000
 1.15974  1.32233  0.00000
 1.15974  1.32233  0.00000
 1.31308  1.45654  0.00000
 1.31308  1.45654  0.00000
 1.31308  1.45654  0.00000
 1.31308  1.45654  0.00000
 1.31308  1.45654  0.00000
 1.31308  1.45654  0.00000
 1.31308  1.45654  0.00000
 1.31308  1.45654  0.00000
 1.31308  1.45654  0.00000
 1.31308  1.45654  0.00000
 1.31308  1.45654  0.00000
 1.31308  1.45654  0.00000
 1.48669  1.62059  0.00000
 1.48669  1.62059  0.00000
 1.48669  1.62059  0.00000
 1.48669  1.62059  0.00000
 1.48669  1.62059  0.00000
 1.48669  1.62059  0.00000
 1.48669  1.62059  0.00000
 1.48669  1.62059  0.00000
 1.48669  1.94577  0.00000
 1.48669  1.94577  0.00000
 1.48669  1.94577  0.00000
 1.48669  1.94577  0.00000
 1.48669  1.94577  0.00000
 1.48669  1.94577  0.00000
 1.48669  1.94577  0.00000
 1.48669  1.94577  0.00000
 1.68326  1.81716  0.00000
 1.68326  1.81716  0.00000
 1.68326  1.81716  0.00000
 1.68326  1.81716  0.00000
 1.68326  2.10409  0.00000
 1.68326  2.10409  0.00000
 1.68326  2.10409  0.00000
 1.68326  2.10409  0.00000
 1.90582  2.03015  0.00000
 1.90582  2.03015  0.00000
 1.90582  2.03015  0.00000
 1.90582  2.03015  0.00000
 1.90582  2.28839  0.00000
 1.90582  2.28839  0.00000
 1.90582  2.28839  0.00000
 1.90582  2.28839  0.00000
 2.15780  2.27257  0.00000
 2.15780  2.27257  0.00000
 2.15780  2.27257  0.00000
 2.15780  2.27257  0.00000
 2.15780  2.52124  0.00000
 2.15780  2.52124  0.00000
 2.15780  2.52124  0.00000
 2.15780  2.52124  0.00000
 2.15780  2.75810  0.00000
 2.15780  2.75810  0.00000
 2.15780  2.75810  0.00000
 2.15780  2.75810  0.00000
 2.44310  2.54831  0.00001
 2.44310  2.54831  0.00002
 2.44310  2.54831  0.00000
 2.44310  2.54831  0.00000
 2.44310  2.54831  0.00002
 2.44310  2.54831  0.00000
 2.44310  2.54831  0.00000
 2.44310  2.54831  0.00001
 2.44310  2.54831  0.00000
 2.44310  2.54831  0.00000
 2.44310  2.54831  0.00001
 2.44310  2.54831  0.00000
 2.44310  2.78742  0.00000
 2.44310  2.78742  0.00002
 2.44310  2.78742  0.00000
 2.44310  2.78742  0.00000
 2.44310  2.78742  0.00001
 2.44310  2.78742  0.00000
 2.44310  2.78742  0.00000
 2.44310  2.78742  0.00001
 2.44310  2.78742  0.00000
 2.44310  2.78742  0.00000
 2.44310  2.78742  0.00001
 2.44310  2.78742  0.00000
 2.44310  3.04340  0.00000
 2.44310  3.04340  0.00001
 2.44310  3.04340  0.00000
 2.44310  3.04340  0.00000
 2.44310  3.04340  0.00001
 2.44310  3.04340  0.00000
 2.44310  3.04340  0.00000
 2.44310  3.04340  0.00001
 2.44310  3.04340  0.00000
 2.44310  3.04340  0.00000
 2.44310  3.04340  0.00001
 2.44310  3.04340  0.00000
 2.76613  2.86177  0.00000
 2.76613  2.86177  0.00000
 2.76613  2.86177  0.00000
 2.76613  2.86177  0.00000
 2.76613  3.07219  0.00000
 2.76613  3.07219  0.00000
 2.76613  3.07219  0.00000
 2.76613  3.07219  0.00000
 2.76613  3.31186  0.00000
 2.76613  3.31186  0.00000
 2.76613  3.31186  0.00000
 2.76613  3.31186  0.00000
 3.13186  3.21794  0.00001
 3.13186  3.21794  0.00002
 3.13186  3.21794  0.00001
 3.13186  3.21794  0.00000
 3.13186  3.21794  0.00002
 3.13186  3.21794  0.00001
 3.13186  3.21794  0.00000
 3.13186  3.21794  0.00001
 3.13186  3.21794  0.00001
 3.13186  3.21794  0.00000
 3.13186  3.21794  0.00001
 3.13186  3.21794  0.00001
 3.13186  3.41879  0.00000
 3.13186  3.41879  0.00002
 3.13186  3.41879  0.00001
 3.13186  3.41879  0.00000
 3.13186  3.41879  0.00001
 3.13186  3.41879  0.00001
 3.13186  3.41879  0.00000
 3.13186  3.41879  0.00001
 3.13186  3.41879  0.00001
 3.13186  3.41879  0.00000
 3.13186  3.41879  0.00001
 3.13186  3.41879  0.00001
 3.13186  3.62302  0.00000
 3.13186  3.62302  0.00001
 3.13186  3.62302  0.00001
 3.13186  3.62302  0.00000
 3.13186  3.62302  0.00001
 3.13186  3.62302  0.00001
 3.13186  3.62302  0.00000
 3.13186  3.62302  0.00001
 3.13186  3.62302  0.00001
 3.13186  3.62302  0.00000
 3.13186  3.62302  0.00001
 3.13186  3.62302  0.00001
 3.54595  3.62247  0.00001
 3.54595  3.62247  0.00001
 3.54595  3.62247  0.00000
 3.54595  3.62247  0.00000
 3.54595  3.79462  0.00001
 3.54595  3.79462  0.00001
 3.54595  3.79462  0.00000
 3.54595  3.79462  0.00000
 3.54595  3.98253  0.00001
 3.54595  3.98253  0.00001
 3.54595  3.98253  0.00000
 3.54595  3.98253  0.00000
 4.01480  4.09131  0.00002
 4.01480  4.09131  0.00002
 4.01480  4.09131  0.00002
 4.01480  4.09131  0.00002
 4.01480  4.24434  0.00001
 4.01480  4.24434  0.00001
 4.01480  4.24434  0.00001
 4.01480  4.24434  0.00001
 4.01480  4.42409  0.00001
 4.01480  4.42409  0.00001
 4.01480  4.42409  0.00001
 4.01480  4.42409  0.00001
 4.54563  4.61258  0.00002
 4.54563  4.61258  0.00001
 4.54563  4.61258  0.00001
 4.54563  4.61258  0.00001
 4.54563  4.75604  0.00002
 4.54563  4.75604  0.00001
 4.54563  4.75604  0.00001
 4.54563  4.75604  0.00001
 4.54563  4.92763  0.00002
 4.54563  4.92763  0.00001
 4.54563  4.92763  0.00001
 4.54563  4.92763  0.00001
 4.54563  5.78954  0.00002
 4.54563  5.78954  0.00001
 4.54563  5.78954  0.00001
 4.54563  5.78954  0.00001
 5.14665  5.20403  0.00000
 5.14665  5.20403  0.00000
 5.14665  5.20403  0.00000
 5.14665  5.20403  0.00000
 5.14665  5.33793  0.00000
 5.14665  5.33793  0.00000
 5.14665  5.33793  0.00000
 5.14665  5.33793  0.00000
 5.14665  5.50137  0.00000
 5.14665  5.50137  0.00000
 5.14665  5.50137  0.00000
 5.14665  5.50137  0.00000
 5.14665  6.84290  0.00000
 5.14665  6.84290  0.00000
 5.14665  6.84290  0.00000
 5.14665  6.84290  0.00000
 5.82713  5.88451  0.00002
 5.82713  5.88451  0.00002
 5.82713  5.88451  0.00002
 5.82713  5.88451  0.00002
 5.82713  5.99928  0.00001
 5.82713  5.99928  0.00001
 5.82713  5.99928  0.00001
 5.82713  5.99928  0.00001
 5.82713  6.15456  0.00001
 5.82713  6.15456  0.00001
 5.82713  6.15456  0.00001
 5.82713  6.15456  0.00001
 5.82713  6.90142  0.00001
 5.82713  6.90142  0.00001
 5.82713  6.90142  0.00001
 5.82713  6.90142  0.00001
 0.79904  0.99512  0.00000
 0.79904  0.99512  0.00000
 0.79904  0.99512  0.00006
 0.79904  0.99512  0.00075
 0.79904  0.99512  0.00000
 0.79904  0.99512  0.00000
 0.79904  0.99512  0.00004
 0.79904  0.99512  0.00047
 0.79904  0.99512  0.00000
 0.79904  0.99512  0.00000
 0.79904  0.99512  0.00003
 0.79904  0.99512  0.00040
 0.90469  1.09096  0.00000
 0.90469  1.09096  0.00000
 0.90469  1.09096  0.00000
 0.90469  1.09096  0.00012
 0.90469  1.09096  0.00000
 0.90469  1.09096  0.00000
 0.90469  1.09096  0.00000
 0.90469  1.09096  0.00007
 0.90469  1.09096  0.00000
 0.90469  1.09096  0.00000
 0.90469  1.09096  0.00000
 0.90469  1.09096  0.00006
 1.02430  1.19097  0.00000
 1.02430  1.19097  0.00000
 1.02430  1.19097  0.00000
 1.02430  1.19097  0.00000
 1.02430  1.19097  0.00000
 1.02430  1.19097  0.00000
 1.02430  1.19097  0.00000
 1.02430  1.19097  0.00000
 1.02430  1.19097  0.00000
 1.02430  1.19097  0.00000
 1.02430  1.19097  0.00000
 1.02430  1.19097  0.00000
 1.15974  1.32641  0.00000
 1.15974  1.32641  0.00000
 1.15974  1.32641  0.00000
 1.15974  1.32641  0.00000
 1.15974  1.32641  0.00000
 1.15974  1.32641  0.00000
 1.15974  1.32641  0.00000
 1.15974  1.32641  0.00000
 1.15974  1.32641  0.00000
 1.15974  1.32641  0.00000
 1.15974  1.32641  0.00000
 1.15974  1.32641  0.00000
 1.31308  1.46994  0.00000
 1.31308  1.46994  0.00000
 1.31308  1.46994  0.00000
 1.31308  1.46994  0.00000
 1.31308  1.46994  0.00000
 1.31308  1.46994  0.00000
 1.31308  1.46994  0.00000
 1.31308  1.46994  0.00000
 1.31308  1.46994  0.00000
 1.31308  1.46994  0.00000
 1.31308  1.46994  0.00000
 1.31308  1.46994  0.00000
 1.48669  1.62395  0.00000
 1.48669  1.62395  0.00000
 1.48669  1.62395  0.00000
 1.48669  1.62395  0.00000
 1.48669  1.62395  0.00000
 1.48669  1.62395  0.00000
 1.48669  1.62395  0.00000
 1.48669  1.62395  0.00000
 1.48669  1.95728  0.00000
 1.48669  1.95728  0.00000
 1.48669  1.95728  0.00000
 1.48669  1.95728  0.00000
 1.48669  1.95728  0.00000
 1.48669  1.95728  0.00000
 1.48669  1.95728  0.00000
 1.48669  1.95728  0.00000
 1.68326  1.82052  0.00000
 1.68326  1.82052  0.00000
 1.68326  1.82052  0.00000
 1.68326  1.82052  0.00000
 1.68326  1.82052  0.00000
 1.68326  1.82052  0.00000
 1.68326  1.82052  0.00000
 1.68326  1.82052  0.00000
 1.68326  2.11464  0.00000
 1.68326  2.11464  0.00000
 1.68326  2.11464  0.00000
 1.68326  2.11464  0.00000
 1.68326  2.11464  0.00000
 1.68326  2.11464  0.00000
 1.68326  2.11464  0.00000
 1.68326  2.11464  0.00000
 1.90582  2.03327  0.00000
 1.90582  2.03327  0.00002
 1.90582  2.03327  0.00001
 1.90582  2.03327  0.00000
 1.90582  2.03327  0.00000
 1.90582  2.03327  0.00001
 1.90582  2.03327  0.00001
 1.90582  2.03327  0.00000
 1.90582  2.03327  0.00000
 1.90582  2.03327  0.00001
 1.90582  2.03327  0.00000
 1.90582  2.03327  0.00000
 1.90582  2.03327  0.00000
 1.90582  2.03327  0.00001
 1.90582  2.03327  0.00000
 1.90582  2.03327  0.00000
 1.90582  2.31759  0.00000
 1.90582  2.31759  0.00001
 1.90582  2.31759  0.00001
 1.90582  2.31759  0.00000
 1.90582  2.31759  0.00000
 1.90582  2.31759  0.00001
 1.90582  2.31759  0.00000
 1.90582  2.31759  0.00000
 1.90582  2.31759  0.00000
 1.90582  2.31759  0.00001
 1.90582  2.31759  0.00000
 1.90582  2.31759  0.00000
 1.90582  2.31759  0.00000
 1.90582  2.31759  0.00000
 1.90582  2.31759  0.00000
 1.90582  2.31759  0.00000
 2.15780  2.27545  0.00000
 2.15780  2.27545  0.00000
 2.15780  2.27545  0.00000
 2.15780  2.27545  0.00000
 2.15780  2.27545  0.00000
 2.15780  2.27545  0.00000
 2.15780  2.27545  0.00000
 2.15780  2.27545  0.00000
 2.15780  2.27545  0.00000
 2.15780  2.27545  0.00000
 2.15780  2.27545  0.00000
 2.15780  2.27545  0.00000
 2.15780  2.53036  0.00000
 2.15780  2.53036  0.00000
 2.15780  2.53036  0.00000
 2.15780  2.53036  0.00000
 2.15780  2.53036  0.00000
 2.15780  2.53036  0.00000
 2.15780  2.53036  0.00000
 2.15780  2.53036  0.00000
 2.15780  2.53036  0.00000
 2.15780  2.53036  0.00000
 2.15780  2.53036  0.00000
 2.15780  2.53036  0.00000
 2.15780  2.82909  0.00000
 2.15780  2.82909  0.00000
 2.15780  2.82909  0.00000
 2.15780  2.82909  0.00000
 2.15780  2.82909  0.00000
 2.15780  2.82909  0.00000
 2.15780  2.82909  0.00000
 2.15780  2.82909  0.00000
 2.15780  2.82909  0.00000
 2.15780  2.82909  0.00000
 2.15780  2.82909  0.00000
 2.15780  2.82909  0.00000
 2.44310  2.55095  0.00000
 2.44310  2.55095  0.00002
 2.44310  2.55095  0.00002
 2.44310  2.55095  0.00000
 2.44310  2.55095  0.00000
 2.44310  2.55095  0.00001
 2.44310  2.55095  0.00001
 2.44310  2.55095  0.00000
 2.44310  2.55095  0.00000
 2.44310  2.55095  0.00001
 2.44310  2.55095  0.00001
 2.44310  2.55095  0.00000
 2.44310  2.55095  0.00000
 2.44310  2.55095  0.00001
 2.44310  2.55095  0.00001
 2.44310  2.55095  0.00000
 2.44310  2.79605  0.00000
 2.44310  2.79605  0.00001
 2.44310  2.79605  0.00001
 2.44310  2.79605  0.00000
 2.44310  2.79605  0.00000
 2.44310  2.79605  0.00001
 2.44310  2.79605  0.00001
 2.44310  2.79605  0.00000
 2.44310  2.79605  0.00000
 2.44310  2.79605  0.00001
 2.44310  2.79605  0.00001
 2.44310  2.79605  0.00000
 2.44310  2.79605  0.00000
 2.44310  2.79605  0.00000
 2.44310  2.79605  0.00001
 2.44310  2.79605  0.00000
 2.44310  3.05845  0.00000
 2.44310  3.05845  0.00001
 2.44310  3.05845  0.00001
 2.44310  3.05845  0.00000
 2.44310  3.05845  0.00000
 2.44310  3.05845  0.00001
 2.44310  3.05845  0.00001
 2.44310  3.05845  0.00000
 2.44310  3.05845  0.00000
 2.44310  3.05845  0.00001
 2.44310  3.05845  0.00001
 2.44310  3.05845  0.00000
 2.44310  3.05845  0.00000
 2.44310  3.05845  0.00000
 2.44310  3.05845  0.00000
 2.44310  3.05845  0.00000
 2.76613  2.86417  0.00000
 2.76613  2.86417  0.00000
 2.76613  2.86417  0.00002
 2.76613  2.86417  0.00000
 2.76613  2.86417  0.00000
 2.76613  2.86417  0.00000
 2.76613  2.86417  0.00001
 2.76613  2.86417  0.00000
 2.76613  2.86417  0.00000
 2.76613  2.86417  0.00000
 2.76613  2.86417  0.00001
 2.76613  2.86417  0.00000
 2.76613  2.86417  0.00000
 2.76613  2.86417  0.00000
 2.76613  2.86417  0.00001
 2.76613  2.86417  0.00000
 2.76613  3.07986  0.00000
 2.76613  3.07986  0.00000
 2.76613  3.07986  0.00001
 2.76613  3.07986  0.00000
 2.76613  3.07986  0.00000
 2.76613  3.07986  0.00000
 2.76613  3.07986  0.00001
 2.76613  3.07986  0.00000
 2.76613  3.07986  0.00000
 2.76613  3.07986  0.00000
 2.76613  3.07986  0.00001
 2.76613  3.07986  0.00000
 2.76613  3.07986  0.00000
 2.76613  3.07986  0.00000
 2.76613  3.07986  0.00000
 2.76613  3.07986  0.00000
 2.76613  3.32554  0.00000
 2.76613  3.32554  0.00000
 2.76613  3.32554  0.00001
 2.76613  3.32554  0.00000
 2.76613  3.32554  0.00000
 2.76613  3.32554  0.00000
 2.76613  3.32554  0.00001
 2.76613  3.32554  0.00000
 2.76613  3.32554  0.00000
 2.76613  3.32554  0.00000
 2.76613  3.32554  0.00001
 2.76613  3.32554  0.00000
 2.76613  3.32554  0.00000
 2.76613  3.32554  0.00000
 2.76613  3.32554  0.00000
 2.76613  3.32554  0.00000
 3.13186  3.22010  0.00003
 3.13186  3.22010  0.00000
 3.13186  3.22010  0.00002
 3.13186  3.22010  0.00000
 3.13186  3.22010  0.00002
 3.13186  3.22010  0.00000
 3.13186  3.22010  0.00001
 3.13186  3.22010  0.00000
 3.13186  3.42598  0.00002
 3.13186  3.42598  0.00000
 3.13186  3.42598  0.00001
 3.13186  3.42598  0.00000
 3.13186  3.42598  0.00001
 3.13186  3.42598  0.00000
 3.13186  3.42598  0.00001
 3.13186  3.42598  0.00000
 3.13186  3.66330  0.00002
 3.13186  3.66330  0.00000
 3.13186  3.66330  0.00001
 3.13186  3.66330  0.00000
 3.13186  3.66330  0.00001
 3.13186  3.66330  0.00000
 3.13186  3.66330  0.00001
 3.13186  3.66330  0.00000
 3.54595  3.63419  0.00002
 3.54595  3.63419  0.00002
 3.54595  3.63419  0.00002
 3.54595  3.63419  0.00002
 3.54595  3.63419  0.00001
 3.54595  3.63419  0.00001
 3.54595  3.63419  0.00001
 3.54595  3.63419  0.00001
 3.54595  3.82047  0.00002
 3.54595  3.82047  0.00002
 3.54595  3.82047  0.00001
 3.54595  3.82047  0.00002
 3.54595  3.82047  0.00001
 3.54595  3.82047  0.00001
 3.54595  3.82047  0.00001
 3.54595  3.82047  0.00001
 3.54595  3.99348  0.00001
 3.54595  3.99348  0.00002
 3.54595  3.99348  0.00001
 3.54595  3.99348  0.00002
 3.54595  3.99348  0.00001
 3.54595  3.99348  0.00001
 3.54595  3.99348  0.00001
 3.54595  3.99348  0.00001
 4.01480  4.09323  0.00000
 4.01480  4.09323  0.00002
 4.01480  4.09323  0.00000
 4.01480  4.09323  0.00002
 4.01480  4.09323  0.00000
 4.01480  4.09323  0.00002
 4.01480  4.09323  0.00000
 4.01480  4.09323  0.00002
 4.01480  4.26970  0.00000
 4.01480  4.26970  0.00001
 4.01480  4.26970  0.00000
 4.01480  4.26970  0.00001
 4.01480  4.26970  0.00000
 4.01480  4.26970  0.00001
 4.01480  4.26970  0.00000
 4.01480  4.26970  0.00001
 4.01480  4.46232  0.00000
 4.01480  4.46232  0.00001
 4.01480  4.46232  0.00000
 4.01480  4.46232  0.00001
 4.01480  4.46232  0.00000
 4.01480  4.46232  0.00001
 4.01480  4.46232  0.00000
 4.01480  4.46232  0.00001
 4.54563  4.61425  0.00002
 4.54563  4.61425  0.00001
 4.54563  4.61425  0.00002
 4.54563  4.61425  0.00001
 4.54563  4.61425  0.00001
 4.54563  4.61425  0.00000
 4.54563  4.61425  0.00001
 4.54563  4.61425  0.00000
 4.54563  4.76132  0.00002
 4.54563  4.76132  0.00001
 4.54563  4.76132  0.00001
 4.54563  4.76132  0.00000
 4.54563  4.76132  0.00001
 4.54563  4.76132  0.00000
 4.54563  4.76132  0.00001
 4.54563  4.76132  0.00000
 4.54563  4.93721  0.00001
 4.54563  4.93721  0.00001
 4.54563  4.93721  0.00001
 4.54563  4.93721  0.00000
 4.54563  4.93721  0.00001
 4.54563  4.93721  0.00000
 4.54563  5.87868  0.00001
 4.54563  5.87868  0.00001
 4.54563  5.87868  0.00001
 4.54563  5.87868  0.00000
 4.54563  5.87868  0.00001
 4.54563  5.87868  0.00000
 4.54563  5.87868  0.00000
 4.54563  5.87868  0.00000
 5.14665  5.21528  0.00003
 5.14665  5.21528  0.00002
 5.14665  5.21528  0.00002
 5.14665  5.21528  0.00001
 5.14665  5.36234  0.00003
 5.14665  5.36234  0.00002
 5.14665  5.36234  0.00002
 5.14665  5.36234  0.00001
 5.14665  5.51026  0.00003
 5.14665  5.51026  0.00002
 5.14665  5.51026  0.00002
 5.14665  5.51026  0.00001
 5.82713  5.88595  0.00002
 5.82713  5.88595  0.00002
 5.82713  5.88595  0.00002
 5.82713  5.88595  0.00002
 5.82713  6.02321  0.00001
 5.82713  6.02321  0.00001
 5.82713  6.02321  0.00001
 5.82713  6.02321  0.00001
 5.82713  6.16277  0.00001
 5.82713  6.16277  0.00001
 5.82713  6.16277  0.00001
 5.82713  6.16277  0.00001
 5.82713  6.92835  0.00001
 5.82713  6.92835  0.00001
 5.82713  6.92835  0.00001
 5.82713  6.92835  0.00001
 6.59759  6.65641  0.00001
 6.59759  6.65641  0.00001
 6.59759  6.65641  0.00001
 6.59759  6.65641  0.00001
 6.59759  6.77406  0.00001
 6.59759  6.77406  0.00001
 6.59759  6.77406  0.00001
 6.59759  6.77406  0.00001
 6.59759  6.90526  0.00001
 6.59759  6.90526  0.00001
 6.59759  6.90526  0.00001
 6.59759  6.90526  0.00001
 6.59759  7.64085  0.00001
 6.59759  7.64085  0.00001
 6.59759  7.64085  0.00001
 6.59759  7.64085  0.00001
 0.79904  1.00724  0.00000
 0.79904  1.00724  0.00000
 0.79904  1.00724  0.00001
 0.79904  1.00724  0.00043
 0.79904  1.00724  0.00102
 0.79904  1.00724  0.00000
 0.79904  1.00724  0.00000
 0.79904  1.00724  0.00001
 0.79904  1.00724  0.00027
 0.79904  1.00724  0.00064
 0.79904  1.00724  0.00000
 0.79904  1.00724  0.00000
 0.79904  1.00724  0.00001
 0.79904  1.00724  0.00023
 0.79904  1.00724  0.00055
 0.90469  1.10298  0.00000
 0.90469  1.10298  0.00000
 0.90469  1.10298  0.00003
 0.90469  1.10298  0.00027
 0.90469  1.10298  0.00000
 0.90469  1.10298  0.00000
 0.90469  1.10298  0.00002
 0.90469  1.09306  0.00017
 0.90469  1.10298  0.00000
 0.90469  1.10298  0.00000
 0.90469  1.10298  0.00002
 0.90469  1.09306  0.00015
 1.02430  1.21268  0.00000
 1.02430  1.21268  0.00000
 1.02430  1.21268  0.00000
 1.02430  1.21268  0.00001
 1.02430  1.21268  0.00000
 1.02430  1.21268  0.00000
 1.02430  1.21268  0.00000
 1.02430  1.21268  0.00000
 1.02430  1.21268  0.00000
 1.02430  1.21268  0.00000
 1.02430  1.21268  0.00000
 1.02430  1.21268  0.00000
 1.15974  1.32828  0.00000
 1.15974  1.32828  0.00000
 1.15974  1.32828  0.00000
 1.15974  1.32828  0.00000
 1.15974  1.32828  0.00000
 1.15974  1.32828  0.00000
 1.15974  1.32828  0.00000
 1.15974  1.32828  0.00000
 1.15974  1.32828  0.00000
 1.15974  1.32828  0.00000
 1.15974  1.32828  0.00000
 1.15974  1.32828  0.00000
 1.31308  1.47171  0.00000
 1.31308  1.47171  0.00000
 1.31308  1.47171  0.00000
 1.31308  1.47171  0.00000
 1.31308  1.47171  0.00000
 1.31308  1.47171  0.00000
 1.31308  1.47171  0.00000
 1.31308  1.47171  0.00000
 1.31308  1.47171  0.00000
 1.31308  1.47171  0.00000
 1.31308  1.47171  0.00000
 1.31308  1.47171  0.00000
 1.48669  1.64532  0.00000
 1.48669  1.64532  0.00001
 1.48669  1.63541  0.00001
 1.48669  1.63541  0.00000
 1.48669  1.63541  0.00000
 1.48669  1.64532  0.00000
 1.48669  1.63541  0.00000
 1.48669  1.63541  0.00001
 1.48669  1.63541  0.00000
 1.48669  1.63541  0.00000
 1.48669  1.63541  0.00000
 1.48669  1.63541  0.00000
 1.48669  1.63541  0.00001
 1.48669  1.63541  0.00000
 1.48669  1.63541  0.00000
 1.48669  1.64532  0.00000
 1.48669  1.64532  0.00000
 1.48669  1.63541  0.00001
 1.48669  1.63541  0.00000
 1.48669  1.63541  0.00000
 1.48669  1.96258  0.00000
 1.48669  1.96258  0.00000
 1.48669  1.96258  0.00001
 1.48669  1.96258  0.00000
 1.48669  1.96258  0.00000
 1.48669  1.96258  0.00000
 1.48669  1.96258  0.00000
 1.48669  1.96258  0.00001
 1.48669  1.96258  0.00000
 1.48669  1.96258  0.00000
 1.48669  1.96258  0.00000
 1.48669  1.96258  0.00000
 1.48669  1.96258  0.00000
 1.48669  1.96258  0.00000
 1.48669  1.96258  0.00000
 1.48669  1.96258  0.00000
 1.48669  1.96258  0.00000
 1.48669  1.96258  0.00000
 1.48669  1.96258  0.00000
 1.48669  1.96258  0.00000
 1.68326  1.83197  0.00000
 1.68326  1.83197  0.00000
 1.68326  1.83197  0.00000
 1.68326  1.83197  0.00000
 1.68326  1.83197  0.00000
 1.68326  1.83197  0.00000
 1.68326  1.83197  0.00000
 1.68326  1.83197  0.00000
 1.68326  1.83197  0.00000
 1.68326  1.83197  0.00000
 1.68326  1.83197  0.00000
 1.68326  1.83197  0.00000
 1.68326  1.83197  0.00000
 1.68326  1.83197  0.00000
 1.68326  1.83197  0.00000
 1.68326  1.83197  0.00000
 1.68326  2.11949  0.00000
 1.68326  2.11949  0.00000
 1.68326  2.11949  0.00000
 1.68326  2.11949  0.00000
 1.68326  2.11949  0.00000
 1.68326  2.11949  0.00000
 1.68326  2.11949  0.00000
 1.68326  2.11949  0.00000
 1.68326  2.11949  0.00000
 1.68326  2.11949  0.00000
 1.68326  2.11949  0.00000
 1.68326  2.11949  0.00000
 1.68326  2.11949  0.00000
 1.68326  2.11949  0.00000
 1.68326  2.11949  0.00000
 1.68326  2.11949  0.00000
 1.90582  2.03470  0.00000
 1.90582  2.03470  0.00001
 1.90582  2.03470  0.00002
 1.90582  2.03470  0.00001
 1.90582  2.03470  0.00000
 1.90582  2.03470  0.00000
 1.90582  2.03470  0.00000
 1.90582  2.03470  0.00001
 1.90582  2.03470  0.00001
 1.90582  2.03470  0.00000
 1.90582  2.03470  0.00000
 1.90582  2.03470  0.00000
 1.90582  2.03470  0.00001
 1.90582  2.03470  0.00001
 1.90582  2.03470  0.00000
 1.90582  2.03470  0.00000
 1.90582  2.03470  0.00000
 1.90582  2.03470  0.00001
 1.90582  2.03470  0.00000
 1.90582  2.03470  0.00000
 1.90582  2.32222  0.00000
 1.90582  2.32222  0.00000
 1.90582  2.32222  0.00001
 1.90582  2.32222  0.00001
 1.90582  2.32222  0.00000
 1.90582  2.32222  0.00000
 1.90582  2.32222  0.00000
 1.90582  2.32222  0.00001
 1.90582  2.32222  0.00000
 1.90582  2.32222  0.00000
 1.90582  2.32222  0.00000
 1.90582  2.32222  0.00000
 1.90582  2.32222  0.00001
 1.90582  2.32222  0.00000
 1.90582  2.32222  0.00000
 1.90582  2.32222  0.00000
 1.90582  2.32222  0.00000
 1.90582  2.32222  0.00001
 1.90582  2.32222  0.00000
 1.90582  2.32222  0.00000
 2.15780  2.27678  0.00000
 2.15780  2.27678  0.00000
 2.15780  2.27678  0.00001
 2.15780  2.27678  0.00001
 2.15780  2.27678  0.00000
 2.15780  2.27678  0.00000
 2.15780  2.27678  0.00000
 2.15780  2.27678  0.00001
 2.15780  2.27678  0.00001
 2.15780  2.27678  0.00000
 2.15780  2.27678  0.00000
 2.15780  2.27678  0.00000
 2.15780  2.27678  0.00001
 2.15780  2.27678  0.00001
 2.15780  2.27678  0.00000
 2.15780  2.27678  0.00000
 2.15780  2.27678  0.00000
 2.15780  2.27678  0.00000
 2.15780  2.27678  0.00000
 2.15780  2.27678  0.00000
 2.15780  2.53455  0.00000
 2.15780  2.53455  0.00000
 2.15780  2.53455  0.00001
 2.15780  2.53455  0.00001
 2.15780  2.53455  0.00000
 2.15780  2.53455  0.00000
 2.15780  2.53455  0.00000
 2.15780  2.53455  0.00001
 2.15780  2.53455  0.00000
 2.15780  2.53455  0.00000
 2.15780  2.53455  0.00000
 2.15780  2.53455  0.00000
 2.15780  2.53455  0.00000
 2.15780  2.53455  0.00000
 2.15780  2.53455  0.00000
 2.15780  2.53455  0.00000
 2.15780  2.53455  0.00000
 2.15780  2.53455  0.00000
 2.15780  2.53455  0.00000
 2.15780  2.53455  0.00000
 2.15780  2.83665  0.00000
 2.15780  2.83665  0.00000
 2.15780  2.83665  0.00001
 2.15780  2.83665  0.00001
 2.15780  2.83665  0.00000
 2.15780  2.83665  0.00000
 2.15780  2.83665  0.00000
 2.15780  2.83665  0.00000
 2.15780  2.83665  0.00000
 2.15780  2.83665  0.00000
 2.15780  2.83665  0.00000
 2.15780  2.83665  0.00000
 2.15780  2.83665  0.00000
 2.15780  2.83665  0.00000
 2.15780  2.83665  0.00000
 2.15780  2.83665  0.00000
 2.15780  2.83665  0.00000
 2.15780  2.83665  0.00000
 2.15780  2.83665  0.00000
 2.15780  2.83665  0.00000
 2.44310  2.55216  0.00000
 2.44310  2.55216  0.00001
 2.44310  2.55216  0.00001
 2.44310  2.55216  0.00000
 2.44310  2.55216  0.00000
 2.44310  2.55216  0.00001
 2.44310  2.55216  0.00001
 2.44310  2.55216  0.00000
 2.44310  2.55216  0.00000
 2.44310  2.55216  0.00001
 2.44310  2.55216  0.00001
 2.44310  2.55216  0.00000
 2.44310  2.55216  0.00000
 2.44310  2.55216  0.00001
 2.44310  2.55216  0.00001
 2.44310  2.55216  0.00000
 2.44310  2.80002  0.00000
 2.44310  2.80002  0.00001
 2.44310  2.80002  0.00001
 2.44310  2.80002  0.00000
 2.44310  2.80002  0.00000
 2.44310  2.80002  0.00001
 2.44310  2.80002  0.00001
 2.44310  2.80002  0.00000
 2.44310  2.80002  0.00000
 2.44310  2.80002  0.00000
 2.44310  2.80002  0.00001
 2.44310  2.80002  0.00000
 2.44310  2.80002  0.00000
 2.44310  2.80002  0.00000
 2.44310  2.80002  0.00000
 2.44310  2.80002  0.00000
 2.44310  3.06538  0.00000
 2.44310  3.06538  0.00001
 2.44310  3.06538  0.00001
 2.44310  3.06538  0.00000
 2.44310  3.06538  0.00000
 2.44310  3.06538  0.00000
 2.44310  3.06538  0.00001
 2.44310  3.06538  0.00000
 2.44310  3.06538  0.00000
 2.44310  3.06538  0.00000
 2.44310  3.06538  0.00000
 2.44310  3.06538  0.00000
 2.44310  3.06538  0.00000
 2.44310  3.06538  0.00000
 2.44310  3.06538  0.00000
 2.44310  3.06538  0.00000
 2.76613  2.86527  0.00001
 2.76613  2.86527  0.00004
 2.76613  2.86527  0.00001
 2.76613  2.86527  0.00001
 2.76613  2.86527  0.00003
 2.76613  2.86527  0.00001
 2.76613  2.86527  0.00001
 2.76613  2.86527  0.00002
 2.76613  2.86527  0.00001
 2.76613  2.86527  0.00001
 2.76613  2.86527  0.00002
 2.76613  2.86527  0.00000
 2.76613  3.08339  0.00001
 2.76613  3.08339  0.00003
 2.76613  3.08339  0.00001
 2.76613  3.08339  0.00001
 2.76613  3.08339  0.00002
 2.76613  3.08339  0.00000
 2.76613  3.08339  0.00001
 2.76613  3.08339  0.00002
 2.76613  3.08339  0.00000
 2.76613  3.08339  0.00000
 2.76613  3.08339  0.00001
 2.76613  3.08339  0.00000
 2.76613  3.33183  0.00001
 2.76613  3.33183  0.00002
 2.76613  3.33183  0.00001
 2.76613  3.33183  0.00001
 2.76613  3.33183  0.00002
 2.76613  3.33183  0.00000
 2.76613  3.33183  0.00000
 2.76613  3.33183  0.00001
 2.76613  3.33183  0.00000
 2.76613  3.33183  0.00000
 2.76613  3.33183  0.00001
 2.76613  3.33183  0.00000
 3.13186  3.23101  0.00000
 3.13186  3.23101  0.00002
 3.13186  3.22109  0.00001
 3.13186  3.23101  0.00000
 3.13186  3.23101  0.00001
 3.13186  3.22109  0.00001
 3.13186  3.23101  0.00000
 3.13186  3.23101  0.00001
 3.13186  3.22109  0.00000
 3.13186  3.23101  0.00000
 3.13186  3.23101  0.00001
 3.13186  3.22109  0.00000
 3.13186  3.42930  0.00000
 3.13186  3.42930  0.00001
 3.13186  3.42930  0.00001
 3.13186  3.42930  0.00000
 3.13186  3.42930  0.00001
 3.13186  3.42930  0.00000
 3.13186  3.42930  0.00000
 3.13186  3.42930  0.00001
 3.13186  3.42930  0.00000
 3.13186  3.42930  0.00000
 3.13186  3.42930  0.00001
 3.13186  3.42930  0.00000
 3.13186  3.66928  0.00000
 3.13186  3.66928  0.00001
 3.13186  3.66928  0.00000
 3.13186  3.66928  0.00000
 3.13186  3.66928  0.00001
 3.13186  3.66928  0.00000
 3.13186  3.66928  0.00000
 3.13186  3.66928  0.00001
 3.13186  3.66928  0.00000
 3.13186  3.66928  0.00000
 3.13186  3.66928  0.00001
 3.13186  3.66928  0.00000
 3.54595  3.63518  0.00001
 3.54595  3.63518  0.00002
 3.54595  3.63518  0.00002
 3.54595  3.63518  0.00001
 3.54595  3.63518  0.00001
 3.54595  3.63518  0.00002
 3.54595  3.63518  0.00001
 3.54595  3.63518  0.00001
 3.54595  3.63518  0.00001
 3.54595  3.63518  0.00001
 3.54595  3.63518  0.00001
 3.54595  3.63518  0.00001
 3.54595  3.82356  0.00001
 3.54595  3.82356  0.00001
 3.54595  3.82356  0.00002
 3.54595  3.82356  0.00001
 3.54595  3.82356  0.00001
 3.54595  3.82356  0.00001
 3.54595  3.82356  0.00000
 3.54595  3.82356  0.00001
 3.54595  3.82356  0.00001
 3.54595  3.82356  0.00000
 3.54595  3.82356  0.00001
 3.54595  3.82356  0.00001
 3.54595  3.99852  0.00001
 3.54595  3.99852  0.00001
 3.54595  3.99852  0.00002
 3.54595  3.99852  0.00000
 3.54595  3.99852  0.00001
 3.54595  3.99852  0.00001
 3.54595  3.99852  0.00000
 3.54595  3.99852  0.00001
 3.54595  3.99852  0.00001
 3.54595  3.99852  0.00000
 3.54595  3.99852  0.00000
 3.54595  3.99852  0.00001
 4.01480  4.09411  0.00003
 4.01480  4.09411  0.00003
 4.01480  4.09411  0.00002
 4.01480  4.09411  0.00002
 4.01480  4.09411  0.00002
 4.01480  4.09411  0.00002
 4.01480  4.09411  0.00001
 4.01480  4.09411  0.00002
 4.01480  4.27257  0.00002
 4.01480  4.27257  0.00002
 4.01480  4.27257  0.00001
 4.01480  4.27257  0.00001
 4.01480  4.27257  0.00001
 4.01480  4.27257  0.00001
 4.01480  4.27257  0.00001
 4.01480  4.27257  0.00001
 4.01480  4.46736  0.00002
 4.01480  4.46736  0.00002
 4.01480  4.46736  0.00001
 4.01480  4.46736  0.00001
 4.01480  4.46736  0.00001
 4.01480  4.46736  0.00001
 4.01480  4.46736  0.00001
 4.01480  4.46736  0.00001
 4.54563  4.61503  0.00002
 4.54563  4.61503  0.00002
 4.54563  4.61503  0.00001
 4.54563  4.61503  0.00001
 4.54563  4.61503  0.00001
 4.54563  4.61503  0.00001
 4.54563  4.61503  0.00001
 4.54563  4.61503  0.00001
 4.54563  4.78357  0.00001
 4.54563  4.78357  0.00001
 4.54563  4.78357  0.00001
 4.54563  4.78357  0.00001
 4.54563  4.78357  0.00001
 4.54563  4.78357  0.00001
 4.54563  4.78357  0.00001
 4.54563  4.78357  0.00001
 4.54563  4.96991  0.00001
 4.54563  4.96991  0.00001
 4.54563  4.96991  0.00001
 4.54563  4.96991  0.00001
 4.54563  4.96991  0.00001
 4.54563  4.96991  0.00001
 4.54563  5.89369  0.00001
 4.54563  5.89369  0.00001
 4.54563  5.89369  0.00001
 4.54563  5.89369  0.00001
 4.54563  5.89369  0.00000
 4.54563  5.89369  0.00001
 4.54563  5.89369  0.00000
 4.54563  5.89369  0.00001
 5.14665  5.21605  0.00002
 5.14665  5.21605  0.00002
 5.14665  5.21605  0.00001
 5.14665  5.21605  0.00002
 5.14665  5.21605  0.00001
 5.14665  5.21605  0.00001
 5.14665  5.21605  0.00001
 5.14665  5.21605  0.00001
 5.14665  5.36476  0.00001
 5.14665  5.36476  0.00002
 5.14665  5.36476  0.00001
 5.14665  5.36476  0.00001
 5.14665  5.36476  0.00001
 5.14665  5.36476  0.00001
 5.14665  5.36476  0.00000
 5.14665  5.36476  0.00001
 5.14665  5.51435  0.00001
 5.14665  5.51435  0.00002
 5.14665  5.51435  0.00001
 5.14665  5.51435  0.00001
 5.14665  5.51435  0.00001
 5.14665  5.51435  0.00001
 5.14665  5.51435  0.00000
 5.14665  5.51435  0.00001
 5.82713  5.88661  0.00004
 5.82713  5.88661  0.00003
 5.82713  5.88661  0.00003
 5.82713  5.88661  0.00003
 5.82713  6.02542  0.00004
 5.82713  6.02542  0.00003
 5.82713  6.02542  0.00003
 5.82713  6.02542  0.00002
 5.82713  6.16655  0.00004
 5.82713  6.16655  0.00003
 5.82713  6.16655  0.00003
 5.82713  6.16655  0.00002
 5.82713  7.11658  0.00003
 5.82713  7.11658  0.00003
 5.82713  7.11658  0.00002
 5.82713  7.11658  0.00002
 6.59759  6.65707  0.00002
 6.59759  6.65707  0.00002
 6.59759  6.65707  0.00002
 6.59759  6.65707  0.00002
 6.59759  6.77605  0.00001
 6.59759  6.77605  0.00001
 6.59759  6.77605  0.00001
 6.59759  6.77605  0.00001
 6.59759  6.90873  0.00001
 6.59759  6.90873  0.00001
 6.59759  6.90873  0.00001
 6.59759  6.90873  0.00001
 6.59759  7.65260  0.00001
 6.59759  7.65260  0.00001
 6.59759  7.65260  0.00001
 6.59759  7.65260  0.00001
 7.46991  7.51948  0.00001
 7.46991  7.51948  0.00001
 7.46991  7.51948  0.00001
 7.46991  7.51948  0.00001
 7.46991  7.62854  0.00001
 7.46991  7.62854  0.00001
 7.46991  7.62854  0.00001
 7.46991  7.62854  0.00001
 7.46991  7.75276  0.00001
 7.46991  7.75276  0.00001
 7.46991  7.75276  0.00001
 7.46991  7.75276  0.00001
 7.46991  8.46631  0.00001
 7.46991  8.46631  0.00001
 7.46991  8.46631  0.00001
 7.46991  8.46631  0.00001
 0.70573  0.92343  0.00025
 0.70573  0.92343  0.00036
 0.70573  0.92343  0.00002
 0.70573  0.92343  0.00016
 0.70573  0.92343  0.00023
 0.79904  1.01674  0.00000
 0.79904  1.01674  0.00000
 0.79904  1.01674  0.00008
 0.79904  1.00684  0.00086
 0.79904  1.00684  0.00109
 0.79904  1.01674  0.00000
 0.79904  1.01674  0.00000
 0.79904  1.01674  0.00005
 0.79904  1.00684  0.00054
 0.79904  1.00684  0.00068
 0.79904  1.01674  0.00000
 0.79904  1.01674  0.00000
 0.79904  1.01674  0.00004
 0.79904  1.00684  0.00046
 0.79904  1.00684  0.00059
 0.90469  1.12239  0.00000
 0.90469  1.12239  0.00000
 0.90469  1.10260  0.00001
 0.90469  1.10260  0.00018
 0.90469  1.10260  0.00035
 0.90469  1.12239  0.00000
 0.90469  1.10260  0.00000
 0.90469  1.10260  0.00001
 0.90469  1.10260  0.00011
 0.90469  1.10260  0.00022
 0.90469  1.12239  0.00000
 0.90469  1.10260  0.00000
 0.90469  1.10260  0.00001
 0.90469  1.10260  0.00010
 0.90469  1.10260  0.00019
 1.02430  1.22221  0.00000
 1.02430  1.22221  0.00000
 1.02430  1.22221  0.00000
 1.02430  1.22221  0.00001
 1.02430  1.22221  0.00008
 1.02430  1.22221  0.00000
 1.02430  1.22221  0.00000
 1.02430  1.22221  0.00000
 1.02430  1.22221  0.00001
 1.02430  1.22221  0.00005
 1.02430  1.22221  0.00000
 1.02430  1.22221  0.00000
 1.02430  1.22221  0.00000
 1.02430  1.22221  0.00001
 1.02430  1.22221  0.00005
 1.15974  1.34775  0.00000
 1.15974  1.34775  0.00000
 1.15974  1.34775  0.00000
 1.15974  1.32796  0.00000
 1.15974  1.32796  0.00000
 1.15974  1.34775  0.00000
 1.15974  1.34775  0.00000
 1.15974  1.32796  0.00000
 1.15974  1.32796  0.00000
 1.15974  1.32796  0.00000
 1.15974  1.34775  0.00000
 1.15974  1.34775  0.00000
 1.15974  1.32796  0.00000
 1.15974  1.32796  0.00000
 1.15974  1.32796  0.00000
 1.15974  1.34775  0.00000
 1.15974  1.34775  0.00000
 1.15974  1.32796  0.00000
 1.15974  1.32796  0.00000
 1.15974  1.32796  0.00000
 1.31308  1.48130  0.00000
 1.31308  1.48130  0.00000
 1.31308  1.48130  0.00001
 1.31308  1.47140  0.00000
 1.31308  1.47140  0.00000
 1.31308  1.48130  0.00000
 1.31308  1.48130  0.00000
 1.31308  1.48130  0.00000
 1.31308  1.47140  0.00000
 1.31308  1.47140  0.00000
 1.31308  1.48130  0.00000
 1.31308  1.48130  0.00000
 1.31308  1.48130  0.00000
 1.31308  1.47140  0.00000
 1.31308  1.47140  0.00000
 1.31308  1.48130  0.00000
 1.31308  1.48130  0.00000
 1.31308  1.48130  0.00000
 1.31308  1.47140  0.00000
 1.31308  1.47140  0.00000
 1.48669  1.64502  0.00000
 1.48669  1.64502  0.00001
 1.48669  1.64502  0.00001
 1.48669  1.64502  0.00000
 1.48669  1.63512  0.00000
 1.48669  1.64502  0.00000
 1.48669  1.64502  0.00001
 1.48669  1.64502  0.00001
 1.48669  1.64502  0.00000
 1.48669  1.63512  0.00000
 1.48669  1.64502  0.00000
 1.48669  1.64502  0.00001
 1.48669  1.64502  0.00001
 1.48669  1.64502  0.00000
 1.48669  1.63512  0.00000
 1.48669  1.64502  0.00000
 1.48669  1.64502  0.00000
 1.48669  1.64502  0.00001
 1.48669  1.64502  0.00000
 1.48669  1.63512  0.00000
 1.48669  1.96167  0.00000
 1.48669  1.96167  0.00001
 1.48669  1.96167  0.00001
 1.48669  1.96167  0.00000
 1.48669  1.96167  0.00000
 1.48669  1.96167  0.00000
 1.48669  1.96167  0.00000
 1.48669  1.96167  0.00001
 1.48669  1.96167  0.00000
 1.48669  1.96167  0.00000
 1.48669  1.96167  0.00000
 1.48669  1.96167  0.00000
 1.48669  1.96167  0.00001
 1.48669  1.96167  0.00000
 1.48669  1.96167  0.00000
 1.48669  1.96167  0.00000
 1.48669  1.96167  0.00000
 1.48669  1.96167  0.00000
 1.48669  1.96167  0.00000
 1.48669  1.96167  0.00000
 1.68326  1.83169  0.00000
 1.68326  1.83169  0.00000
 1.68326  1.83169  0.00001
 1.68326  1.83169  0.00001
 1.68326  1.83169  0.00000
 1.68326  1.83169  0.00000
 1.68326  1.83169  0.00000
 1.68326  1.83169  0.00001
 1.68326  1.83169  0.00000
 1.68326  1.83169  0.00000
 1.68326  1.83169  0.00000
 1.68326  1.83169  0.00000
 1.68326  1.83169  0.00001
 1.68326  1.83169  0.00000
 1.68326  1.83169  0.00000
 1.68326  1.83169  0.00000
 1.68326  1.83169  0.00000
 1.68326  1.83169  0.00001
 1.68326  1.83169  0.00000
 1.68326  1.83169  0.00000
 1.68326  2.13845  0.00000
 1.68326  2.13845  0.00000
 1.68326  2.13845  0.00001
 1.68326  2.13845  0.00000
 1.68326  2.13845  0.00000
 1.68326  2.13845  0.00000
 1.68326  2.13845  0.00000
 1.68326  2.13845  0.00001
 1.68326  2.13845  0.00000
 1.68326  2.13845  0.00000
 1.68326  2.13845  0.00000
 1.68326  2.13845  0.00000
 1.68326  2.13845  0.00001
 1.68326  2.13845  0.00000
 1.68326  2.13845  0.00000
 1.68326  2.13845  0.00000
 1.68326  2.13845  0.00000
 1.68326  2.13845  0.00000
 1.68326  2.13845  0.00000
 1.68326  2.13845  0.00000
 1.90582  2.03446  0.00000
 1.90582  2.03446  0.00000
 1.90582  2.03446  0.00001
 1.90582  2.03446  0.00001
 1.90582  2.03446  0.00000
 1.90582  2.03446  0.00000
 1.90582  2.03446  0.00000
 1.90582  2.03446  0.00001
 1.90582  2.03446  0.00001
 1.90582  2.03446  0.00000
 1.90582  2.03446  0.00000
 1.90582  2.03446  0.00000
 1.90582  2.03446  0.00001
 1.90582  2.03446  0.00001
 1.90582  2.03446  0.00000
 1.90582  2.03446  0.00000
 1.90582  2.03446  0.00000
 1.90582  2.03446  0.00001
 1.90582  2.03446  0.00000
 1.90582  2.03446  0.00000
 1.90582  2.32142  0.00000
 1.90582  2.32142  0.00000
 1.90582  2.32142  0.00001
 1.90582  2.32142  0.00001
 1.90582  2.32142  0.00000
 1.90582  2.32142  0.00000
 1.90582  2.32142  0.00000
 1.90582  2.32142  0.00001
 1.90582  2.32142  0.00000
 1.90582  2.32142  0.00000
 1.90582  2.32142  0.00000
 1.90582  2.32142  0.00000
 1.90582  2.32142  0.00001
 1.90582  2.32142  0.00000
 1.90582  2.32142  0.00000
 1.90582  2.32142  0.00000
 1.90582  2.32142  0.00000
 1.90582  2.32142  0.00000
 1.90582  2.32142  0.00000
 1.90582  2.32142  0.00000
 2.15780  2.27655  0.00000
 2.15780  2.27655  0.00002
 2.15780  2.27655  0.00003
 2.15780  2.27655  0.00000
 2.15780  2.27655  0.00000
 2.15780  2.27655  0.00002
 2.15780  2.27655  0.00002
 2.15780  2.27655  0.00000
 2.15780  2.27655  0.00000
 2.15780  2.27655  0.00001
 2.15780  2.27655  0.00001
 2.15780  2.27655  0.00000
 2.15780  2.27655  0.00000
 2.15780  2.27655  0.00001
 2.15780  2.27655  0.00001
 2.15780  2.27655  0.00000
 2.15780  2.53383  0.00000
 2.15780  2.53383  0.00002
 2.15780  2.53383  0.00002
 2.15780  2.53383  0.00000
 2.15780  2.53383  0.00000
 2.15780  2.53383  0.00001
 2.15780  2.53383  0.00001
 2.15780  2.53383  0.00000
 2.15780  2.53383  0.00000
 2.15780  2.53383  0.00001
 2.15780  2.53383  0.00001
 2.15780  2.53383  0.00000
 2.15780  2.53383  0.00000
 2.15780  2.53383  0.00001
 2.15780  2.53383  0.00001
 2.15780  2.53383  0.00000
 2.15780  2.83535  0.00000
 2.15780  2.83535  0.00001
 2.15780  2.83535  0.00002
 2.15780  2.83535  0.00000
 2.15780  2.83535  0.00000
 2.15780  2.83535  0.00001
 2.15780  2.83535  0.00001
 2.15780  2.83535  0.00000
 2.15780  2.83535  0.00000
 2.15780  2.83535  0.00001
 2.15780  2.83535  0.00001
 2.15780  2.83535  0.00000
 2.15780  2.83535  0.00000
 2.15780  2.83535  0.00001
 2.15780  2.83535  0.00001
 2.15780  2.83535  0.00000
 2.44310  2.55195  0.00000
 2.44310  2.55195  0.00001
 2.44310  2.55195  0.00002
 2.44310  2.55195  0.00000
 2.44310  2.55195  0.00000
 2.44310  2.55195  0.00001
 2.44310  2.55195  0.00001
 2.44310  2.55195  0.00000
 2.44310  2.55195  0.00000
 2.44310  2.55195  0.00001
 2.44310  2.55195  0.00001
 2.44310  2.55195  0.00000
 2.44310  2.55195  0.00000
 2.44310  2.55195  0.00000
 2.44310  2.55195  0.00001
 2.44310  2.55195  0.00000
 2.44310  2.79934  0.00000
 2.44310  2.79934  0.00001
 2.44310  2.79934  0.00001
 2.44310  2.79934  0.00000
 2.44310  2.79934  0.00000
 2.44310  2.79934  0.00000
 2.44310  2.79934  0.00001
 2.44310  2.79934  0.00000
 2.44310  2.79934  0.00000
 2.44310  2.79934  0.00000
 2.44310  2.79934  0.00001
 2.44310  2.79934  0.00000
 2.44310  2.79934  0.00000
 2.44310  2.79934  0.00000
 2.44310  2.79934  0.00001
 2.44310  2.79934  0.00000
 2.44310  3.06419  0.00000
 2.44310  3.06419  0.00001
 2.44310  3.06419  0.00001
 2.44310  3.06419  0.00000
 2.44310  3.06419  0.00000
 2.44310  3.06419  0.00000
 2.44310  3.06419  0.00001
 2.44310  3.06419  0.00000
 2.44310  3.06419  0.00000
 2.44310  3.06419  0.00000
 2.44310  3.06419  0.00001
 2.44310  3.06419  0.00000
 2.44310  3.06419  0.00000
 2.44310  3.06419  0.00000
 2.44310  3.06419  0.00000
 2.44310  3.06419  0.00000
 2.76613  2.86508  0.00000
 2.76613  2.86508  0.00002
 2.76613  2.86508  0.00003
 2.76613  2.86508  0.00001
 2.76613  2.86508  0.00000
 2.76613  2.86508  0.00001
 2.76613  2.86508  0.00002
 2.76613  2.86508  0.00001
 2.76613  2.86508  0.00000
 2.76613  2.86508  0.00001
 2.76613  2.86508  0.00002
 2.76613  2.86508  0.00001
 2.76613  2.86508  0.00000
 2.76613  2.86508  0.00001
 2.76613  2.86508  0.00001
 2.76613  2.86508  0.00001
 2.76613  3.08278  0.00000
 2.76613  3.08278  0.00001
 2.76613  3.08278  0.00002
 2.76613  3.08278  0.00001
 2.76613  3.08278  0.00000
 2.76613  3.08278  0.00001
 2.76613  3.08278  0.00001
 2.76613  3.08278  0.00001
 2.76613  3.08278  0.00000
 2.76613  3.08278  0.00001
 2.76613  3.08278  0.00001
 2.76613  3.08278  0.00001
 2.76613  3.08278  0.00000
 2.76613  3.08278  0.00000
 2.76613  3.08278  0.00001
 2.76613  3.08278  0.00000
 2.76613  3.33075  0.00000
 2.76613  3.33075  0.00001
 2.76613  3.33075  0.00002
 2.76613  3.33075  0.00001
 2.76613  3.33075  0.00000
 2.76613  3.33075  0.00001
 2.76613  3.33075  0.00001
 2.76613  3.33075  0.00001
 2.76613  3.33075  0.00000
 2.76613  3.33075  0.00001
 2.76613  3.33075  0.00001
 2.76613  3.33075  0.00000
 2.76613  3.33075  0.00000
 2.76613  3.33075  0.00000
 2.76613  3.33075  0.00001
 2.76613  3.33075  0.00000
 3.13186  3.23082  0.00001
 3.13186  3.23082  0.00003
 3.13186  3.23082  0.00001
 3.13186  3.23082  0.00001
 3.13186  3.23082  0.00002
 3.13186  3.23082  0.00001
 3.13186  3.23082  0.00001
 3.13186  3.23082  0.00002
 3.13186  3.23082  0.00001
 3.13186  3.23082  0.00001
 3.13186  3.23082  0.00001
 3.13186  3.23082  0.00001
 3.13186  3.42873  0.00001
 3.13186  3.42873  0.00002
 3.13186  3.42873  0.00001
 3.13186  3.42873  0.00001
 3.13186  3.42873  0.00002
 3.13186  3.42873  0.00001
 3.13186  3.42873  0.00000
 3.13186  3.42873  0.00001
 3.13186  3.42873  0.00001
 3.13186  3.42873  0.00000
 3.13186  3.42873  0.00001
 3.13186  3.42873  0.00000
 3.13186  3.66825  0.00001
 3.13186  3.66825  0.00002
 3.13186  3.66825  0.00001
 3.13186  3.66825  0.00000
 3.13186  3.66825  0.00001
 3.13186  3.66825  0.00001
 3.13186  3.66825  0.00000
 3.13186  3.66825  0.00001
 3.13186  3.66825  0.00000
 3.13186  3.66825  0.00000
 3.13186  3.66825  0.00001
 3.13186  3.66825  0.00000
 3.54595  3.63501  0.00001
 3.54595  3.63501  0.00002
 3.54595  3.63501  0.00002
 3.54595  3.63501  0.00001
 3.54595  3.63501  0.00002
 3.54595  3.63501  0.00001
 3.54595  3.63501  0.00000
 3.54595  3.63501  0.00001
 3.54595  3.63501  0.00001
 3.54595  3.63501  0.00000
 3.54595  3.63501  0.00001
 3.54595  3.63501  0.00001
 3.54595  3.82302  0.00001
 3.54595  3.82302  0.00002
 3.54595  3.82302  0.00001
 3.54595  3.82302  0.00000
 3.54595  3.82302  0.00001
 3.54595  3.82302  0.00001
 3.54595  3.82302  0.00000
 3.54595  3.82302  0.00001
 3.54595  3.82302  0.00001
 3.54595  3.82302  0.00000
 3.54595  3.82302  0.00001
 3.54595  3.82302  0.00001
 3.54595  3.99765  0.00000
 3.54595  3.99765  0.00001
 3.54595  3.99765  0.00001
 3.54595  3.99765  0.00000
 3.54595  3.99765  0.00001
 3.54595  3.99765  0.00001
 3.54595  3.99765  0.00000
 3.54595  3.99765  0.00001
 3.54595  3.99765  0.00001
 3.54595  3.99765  0.00000
 3.54595  3.99765  0.00001
 3.54595  3.99765  0.00001
 4.01480  4.09396  0.00001
 4.01480  4.09396  0.00003
 4.01480  4.09396  0.00003
 4.01480  4.09396  0.00000
 4.01480  4.09396  0.00002
 4.01480  4.09396  0.00002
 4.01480  4.09396  0.00000
 4.01480  4.09396  0.00002
 4.01480  4.09396  0.00002
 4.01480  4.09396  0.00000
 4.01480  4.09396  0.00001
 4.01480  4.09396  0.00001
 4.01480  4.27208  0.00000
 4.01480  4.27208  0.00002
 4.01480  4.27208  0.00002
 4.01480  4.27208  0.00000
 4.01480  4.27208  0.00001
 4.01480  4.27208  0.00001
 4.01480  4.27208  0.00000
 4.01480  4.27208  0.00001
 4.01480  4.27208  0.00001
 4.01480  4.27208  0.00000
 4.01480  4.27208  0.00001
 4.01480  4.27208  0.00001
 4.01480  4.46649  0.00000
 4.01480  4.46649  0.00002
 4.01480  4.46649  0.00002
 4.01480  4.46649  0.00000
 4.01480  4.46649  0.00001
 4.01480  4.46649  0.00001
 4.01480  4.46649  0.00000
 4.01480  4.46649  0.00001
 4.01480  4.46649  0.00001
 4.01480  4.46649  0.00000
 4.01480  4.46649  0.00001
 4.01480  4.46649  0.00001
 4.54563  4.61489  0.00004
 4.54563  4.61489  0.00005
 4.54563  4.61489  0.00003
 4.54563  4.61489  0.00004
 4.54563  4.61489  0.00002
 4.54563  4.61489  0.00004
 4.54563  4.61489  0.00002
 4.54563  4.61489  0.00003
 4.54563  4.78312  0.00003
 4.54563  4.78312  0.00003
 4.54563  4.78312  0.00002
 4.54563  4.78312  0.00003
 4.54563  4.78312  0.00002
 4.54563  4.78312  0.00002
 4.54563  4.78312  0.00001
 4.54563  4.78312  0.00002
 4.54563  4.96909  0.00002
 4.54563  4.96909  0.00003
 4.54563  4.96909  0.00002
 4.54563  4.96909  0.00002
 4.54563  4.96909  0.00001
 4.54563  4.96909  0.00002
 4.54563  4.96909  0.00001
 4.54563  4.96909  0.00002
 4.54563  5.89111  0.00002
 4.54563  5.89111  0.00002
 4.54563  5.89111  0.00001
 4.54563  5.89111  0.00002
 4.54563  5.89111  0.00001
 4.54563  5.89111  0.00002
 4.54563  5.89111  0.00001
 4.54563  5.89111  0.00001
 5.14665  5.21591  0.00001
 5.14665  5.21591  0.00003
 5.14665  5.21591  0.00001
 5.14665  5.21591  0.00002
 5.14665  5.21591  0.00001
 5.14665  5.21591  0.00002
 5.14665  5.21591  0.00001
 5.14665  5.21591  0.00001
 5.14665  5.36435  0.00001
 5.14665  5.36435  0.00002
 5.14665  5.36435  0.00001
 5.14665  5.36435  0.00002
 5.14665  5.36435  0.00001
 5.14665  5.36435  0.00001
 5.14665  5.36435  0.00000
 5.14665  5.36435  0.00001
 5.14665  5.51365  0.00001
 5.14665  5.51365  0.00002
 5.14665  5.51365  0.00001
 5.14665  5.51365  0.00001
 5.14665  5.51365  0.00001
 5.14665  5.51365  0.00001
 5.14665  5.51365  0.00000
 5.14665  5.51365  0.00001
 5.82713  5.88650  0.00001
 5.82713  5.88650  0.00001
 5.82713  5.88650  0.00001
 5.82713  5.88650  0.00001
 5.82713  5.88650  0.00001
 5.82713  5.88650  0.00000
 5.82713  5.88650  0.00000
 5.82713  5.88650  0.00000
 5.82713  6.02504  0.00001
 5.82713  6.02504  0.00001
 5.82713  6.02504  0.00001
 5.82713  6.02504  0.00000
 5.82713  6.02504  0.00000
 5.82713  6.02504  0.00000
 5.82713  6.02504  0.00000
 5.82713  6.02504  0.00000
 5.82713  6.16590  0.00001
 5.82713  6.16590  0.00000
 5.82713  6.16590  0.00000
 5.82713  6.16590  0.00000
 5.82713  6.16590  0.00000
 5.82713  6.16590  0.00000
 5.82713  6.16590  0.00000
 5.82713  6.16590  0.00000
 5.82713  7.11412  0.00000
 5.82713  7.11412  0.00000
 5.82713  7.11412  0.00000
 5.82713  7.11412  0.00000
 5.82713  7.11412  0.00000
 5.82713  7.11412  0.00000
 5.82713  7.11412  0.00000
 5.82713  7.11412  0.00000
 6.59759  6.65696  0.00006
 6.59759  6.65696  0.00004
 6.59759  6.65696  0.00004
 6.59759  6.65696  0.00003
 6.59759  6.77571  0.00005
 6.59759  6.77571  0.00004
 6.59759  6.77571  0.00003
 6.59759  6.77571  0.00003
 6.59759  6.90813  0.00005
 6.59759  6.90813  0.00004
 6.59759  6.90813  0.00003
 6.59759  6.90813  0.00003
 6.59759  7.65058  0.00005
 6.59759  7.65058  0.00003
 6.59759  7.65058  0.00003
 6.59759  7.65058  0.00002
 7.46991  7.51939  0.00003
 7.46991  7.51939  0.00003
 7.46991  7.51939  0.00003
 7.46991  7.51939  0.00003
 7.46991  7.62824  0.00002
 7.46991  7.62824  0.00002
 7.46991  7.62824  0.00002
 7.46991  7.62824  0.00002
 7.46991  7.75222  0.00002
 7.46991  7.75222  0.00002
 7.46991  7.75222  0.00002
 7.46991  7.75222  0.00002
 7.46991  8.46440  0.00001
 7.46991  8.46440  0.00001
 7.46991  8.46440  0.00001
 7.46991  8.46440  0.00001
 8.45758  8.50706  0.00001
 8.45758  8.50706  0.00001
 8.45758  8.50706  0.00001
 8.45758  8.50706  0.00001
 8.45758  8.59611  0.00001
 8.45758  8.59611  0.00001
 8.45758  8.59611  0.00001
 8.45758  8.59611  0.00001
 8.45758  8.73989  0.00001
 8.45758  8.73989  0.00001
 8.45758  8.73989  0.00001
 8.45758  8.73989  0.00001
 8.45758  9.33507  0.00000
 8.45758  9.33507  0.00000
 8.45758  9.33507  0.00000
 8.45758  9.33507  0.00000
 1.33183  1.68628  0.00000
 0.70573  0.93966  0.00060
 0.70573  0.93966  0.00190
 0.70573  0.93966  0.00093
 0.70573  0.93966  0.00038
 0.70573  0.93966  0.00122
 0.70573  0.93966  0.00059
 0.79904  1.02322  0.00000
 0.79904  1.02322  0.00002
 0.79904  1.02322  0.00050
 0.79904  1.01348  0.00176
 0.79904  1.01348  0.00144
 0.79904  1.02322  0.00000
 0.79904  1.02322  0.00001
 0.79904  1.02322  0.00031
 0.79904  1.01348  0.00112
 0.79904  1.01348  0.00092
 0.79904  1.02322  0.00000
 0.79904  1.02322  0.00001
 0.79904  1.02322  0.00027
 0.79904  1.01348  0.00097
 0.79904  1.01348  0.00080
 0.90469  1.11912  0.00000
 0.90469  1.11912  0.00001
 0.90469  1.11912  0.00007
 0.90469  1.09963  0.00049
 0.90469  1.09963  0.00045
 0.90469  1.11912  0.00000
 0.90469  1.11912  0.00000
 0.90469  1.11912  0.00004
 0.90469  1.09963  0.00031
 0.90469  1.09963  0.00028
 0.90469  1.11912  0.00000
 0.90469  1.11912  0.00000
 0.90469  1.11912  0.00004
 0.90469  1.09963  0.00027
 0.90469  1.09963  0.00024
 1.02430  1.21925  0.00000
 1.02430  1.21925  0.00000
 1.02430  1.21925  0.00001
 1.02430  1.20950  0.00008
 1.02430  1.20950  0.00013
 1.02430  1.21925  0.00000
 1.02430  1.21925  0.00000
 1.02430  1.21925  0.00001
 1.02430  1.20950  0.00005
 1.02430  1.20950  0.00008
 1.02430  1.21925  0.00000
 1.02430  1.21925  0.00000
 1.02430  1.21925  0.00001
 1.02430  1.20950  0.00004
 1.02430  1.20950  0.00007
 1.15974  1.34493  0.00000
 1.15974  1.34493  0.00001
 1.15974  1.34493  0.00001
 1.15974  1.34493  0.00000
 1.15974  1.32544  0.00000
 1.15974  1.34493  0.00000
 1.15974  1.34493  0.00001
 1.15974  1.34493  0.00001
 1.15974  1.34493  0.00000
 1.15974  1.32544  0.00000
 1.15974  1.34493  0.00000
 1.15974  1.34493  0.00001
 1.15974  1.34493  0.00001
 1.15974  1.34493  0.00000
 1.15974  1.32544  0.00000
 1.15974  1.34493  0.00000
 1.15974  1.34493  0.00000
 1.15974  1.34493  0.00001
 1.15974  1.34493  0.00000
 1.15974  1.32544  0.00000
 1.31308  1.47878  0.00000
 1.31308  1.47878  0.00001
 1.31308  1.47878  0.00001
 1.31308  1.46903  0.00001
 1.31308  1.46903  0.00000
 1.31308  1.47878  0.00000
 1.31308  1.47878  0.00000
 1.31308  1.47878  0.00001
 1.31308  1.46903  0.00000
 1.31308  1.46903  0.00000
 1.31308  1.47878  0.00000
 1.31308  1.47878  0.00000
 1.31308  1.47878  0.00001
 1.31308  1.46903  0.00000
 1.31308  1.46903  0.00000
 1.31308  1.47878  0.00000
 1.31308  1.47878  0.00000
 1.31308  1.47878  0.00001
 1.31308  1.46903  0.00000
 1.31308  1.46903  0.00000
 1.48669  1.64264  0.00000
 1.48669  1.64264  0.00001
 1.48669  1.64264  0.00001
 1.48669  1.64264  0.00001
 1.48669  1.64264  0.00000
 1.48669  1.64264  0.00000
 1.48669  1.64264  0.00000
 1.48669  1.64264  0.00001
 1.48669  1.64264  0.00000
 1.48669  1.64264  0.00000
 1.48669  1.64264  0.00000
 1.48669  1.64264  0.00000
 1.48669  1.64264  0.00001
 1.48669  1.64264  0.00000
 1.48669  1.64264  0.00000
 1.48669  1.64264  0.00000
 1.48669  1.64264  0.00000
 1.48669  1.64264  0.00001
 1.48669  1.64264  0.00000
 1.48669  1.64264  0.00000
 1.48669  1.95455  0.00000
 1.48669  1.95455  0.00000
 1.48669  1.95455  0.00001
 1.48669  1.95455  0.00000
 1.48669  1.95455  0.00000
 1.48669  1.95455  0.00000
 1.48669  1.95455  0.00000
 1.48669  1.95455  0.00001
 1.48669  1.95455  0.00000
 1.48669  1.95455  0.00000
 1.48669  1.95455  0.00000
 1.48669  1.95455  0.00000
 1.48669  1.95455  0.00001
 1.48669  1.95455  0.00000
 1.48669  1.95455  0.00000
 1.48669  1.95455  0.00000
 1.48669  1.95455  0.00000
 1.48669  1.95455  0.00000
 1.48669  1.95455  0.00000
 1.48669  1.95455  0.00000
 1.68326  1.82947  0.00000
 1.68326  1.82947  0.00001
 1.68326  1.82947  0.00003
 1.68326  1.82947  0.00002
 1.68326  1.82947  0.00000
 1.68326  1.82947  0.00000
 1.68326  1.82947  0.00001
 1.68326  1.82947  0.00002
 1.68326  1.82947  0.00001
 1.68326  1.82947  0.00000
 1.68326  1.82947  0.00000
 1.68326  1.82947  0.00000
 1.68326  1.82947  0.00002
 1.68326  1.82947  0.00001
 1.68326  1.82947  0.00000
 1.68326  1.82947  0.00000
 1.68326  1.82947  0.00000
 1.68326  1.82947  0.00001
 1.68326  1.82947  0.00001
 1.68326  1.82947  0.00000
 1.68326  2.11213  0.00000
 1.68326  2.11213  0.00001
 1.68326  2.11213  0.00002
 1.68326  2.11213  0.00001
 1.68326  2.11213  0.00000
 1.68326  2.11213  0.00000
 1.68326  2.11213  0.00000
 1.68326  2.11213  0.00001
 1.68326  2.11213  0.00001
 1.68326  2.11213  0.00000
 1.68326  2.11213  0.00000
 1.68326  2.11213  0.00000
 1.68326  2.11213  0.00001
 1.68326  2.11213  0.00001
 1.68326  2.11213  0.00000
 1.68326  2.11213  0.00000
 1.68326  2.11213  0.00000
 1.68326  2.11213  0.00001
 1.68326  2.11213  0.00000
 1.68326  2.11213  0.00000
 1.90582  2.03253  0.00000
 1.90582  2.03253  0.00000
 1.90582  2.03253  0.00002
 1.90582  2.03253  0.00002
 1.90582  2.03253  0.00000
 1.90582  2.03253  0.00000
 1.90582  2.03253  0.00000
 1.90582  2.03253  0.00001
 1.90582  2.03253  0.00001
 1.90582  2.03253  0.00000
 1.90582  2.03253  0.00000
 1.90582  2.03253  0.00000
 1.90582  2.03253  0.00001
 1.90582  2.03253  0.00001
 1.90582  2.03253  0.00000
 1.90582  2.03253  0.00000
 1.90582  2.03253  0.00000
 1.90582  2.03253  0.00001
 1.90582  2.03253  0.00001
 1.90582  2.03253  0.00000
 1.90582  2.31519  0.00000
 1.90582  2.31519  0.00000
 1.90582  2.31519  0.00001
 1.90582  2.31519  0.00001
 1.90582  2.31519  0.00000
 1.90582  2.31519  0.00000
 1.90582  2.31519  0.00000
 1.90582  2.31519  0.00001
 1.90582  2.31519  0.00001
 1.90582  2.31519  0.00000
 1.90582  2.31519  0.00000
 1.90582  2.31519  0.00000
 1.90582  2.31519  0.00001
 1.90582  2.31519  0.00001
 1.90582  2.31519  0.00000
 1.90582  2.31519  0.00000
 1.90582  2.31519  0.00000
 1.90582  2.31519  0.00000
 1.90582  2.31519  0.00000
 1.90582  2.31519  0.00000
 2.15780  2.27477  0.00000
 2.15780  2.27477  0.00001
 2.15780  2.27477  0.00002
 2.15780  2.27477  0.00003
 2.15780  2.27477  0.00001
 2.15780  2.27477  0.00000
 2.15780  2.27477  0.00000
 2.15780  2.27477  0.00002
 2.15780  2.27477  0.00002
 2.15780  2.27477  0.00001
 2.15780  2.27477  0.00000
 2.15780  2.27477  0.00000
 2.15780  2.27477  0.00001
 2.15780  2.27477  0.00002
 2.15780  2.27477  0.00000
 2.15780  2.27477  0.00000
 2.15780  2.27477  0.00000
 2.15780  2.27477  0.00001
 2.15780  2.27477  0.00001
 2.15780  2.27477  0.00000
 2.15780  2.52819  0.00000
 2.15780  2.52819  0.00000
 2.15780  2.52819  0.00002
 2.15780  2.52819  0.00002
 2.15780  2.52819  0.00001
 2.15780  2.52819  0.00000
 2.15780  2.52819  0.00000
 2.15780  2.52819  0.00001
 2.15780  2.52819  0.00001
 2.15780  2.52819  0.00000
 2.15780  2.52819  0.00000
 2.15780  2.52819  0.00000
 2.15780  2.52819  0.00001
 2.15780  2.52819  0.00001
 2.15780  2.52819  0.00000
 2.15780  2.52819  0.00000
 2.15780  2.52819  0.00000
 2.15780  2.52819  0.00001
 2.15780  2.52819  0.00001
 2.15780  2.52819  0.00000
 2.15780  2.82519  0.00000
 2.15780  2.82519  0.00000
 2.15780  2.82519  0.00001
 2.15780  2.82519  0.00002
 2.15780  2.82519  0.00000
 2.15780  2.82519  0.00000
 2.15780  2.82519  0.00000
 2.15780  2.82519  0.00001
 2.15780  2.82519  0.00001
 2.15780  2.82519  0.00000
 2.15780  2.82519  0.00000
 2.15780  2.82519  0.00000
 2.15780  2.82519  0.00001
 2.15780  2.82519  0.00001
 2.15780  2.82519  0.00000
 2.15780  2.82519  0.00000
 2.15780  2.82519  0.00000
 2.15780  2.82519  0.00001
 2.15780  2.82519  0.00001
 2.15780  2.82519  0.00000
 2.44310  2.55032  0.00000
 2.44310  2.55032  0.00002
 2.44310  2.55032  0.00003
 2.44310  2.55032  0.00001
 2.44310  2.55032  0.00000
 2.44310  2.55032  0.00002
 2.44310  2.55032  0.00002
 2.44310  2.55032  0.00000
 2.44310  2.55032  0.00000
 2.44310  2.55032  0.00001
 2.44310  2.55032  0.00002
 2.44310  2.55032  0.00000
 2.44310  2.55032  0.00000
 2.44310  2.55032  0.00001
 2.44310  2.55032  0.00001
 2.44310  2.55032  0.00000
 2.44310  2.79400  0.00000
 2.44310  2.79400  0.00002
 2.44310  2.79400  0.00002
 2.44310  2.79400  0.00000
 2.44310  2.79400  0.00000
 2.44310  2.79400  0.00001
 2.44310  2.79400  0.00001
 2.44310  2.79400  0.00000
 2.44310  2.79400  0.00000
 2.44310  2.79400  0.00001
 2.44310  2.79400  0.00001
 2.44310  2.79400  0.00000
 2.44310  2.79400  0.00000
 2.44310  2.79400  0.00001
 2.44310  2.79400  0.00001
 2.44310  2.79400  0.00000
 2.44310  3.05488  0.00000
 2.44310  3.05488  0.00001
 2.44310  3.05488  0.00002
 2.44310  3.05488  0.00000
 2.44310  3.05488  0.00000
 2.44310  3.05488  0.00001
 2.44310  3.05488  0.00001
 2.44310  3.05488  0.00000
 2.44310  3.05488  0.00000
 2.44310  3.05488  0.00001
 2.44310  3.05488  0.00001
 2.44310  3.05488  0.00000
 2.44310  3.05488  0.00000
 2.44310  3.05488  0.00001
 2.44310  3.05488  0.00001
 2.44310  3.05488  0.00000
 2.76613  2.86360  0.00000
 2.76613  2.86360  0.00001
 2.76613  2.86360  0.00002
 2.76613  2.86360  0.00001
 2.76613  2.86360  0.00000
 2.76613  2.86360  0.00001
 2.76613  2.86360  0.00002
 2.76613  2.86360  0.00001
 2.76613  2.86360  0.00000
 2.76613  2.86360  0.00001
 2.76613  2.86360  0.00001
 2.76613  2.86360  0.00001
 2.76613  2.86360  0.00000
 2.76613  2.86360  0.00001
 2.76613  2.86360  0.00001
 2.76613  2.86360  0.00000
 2.76613  3.07804  0.00000
 2.76613  3.07804  0.00001
 2.76613  3.07804  0.00002
 2.76613  3.07804  0.00001
 2.76613  3.07804  0.00000
 2.76613  3.07804  0.00001
 2.76613  3.07804  0.00001
 2.76613  3.07804  0.00000
 2.76613  3.07804  0.00000
 2.76613  3.07804  0.00001
 2.76613  3.07804  0.00001
 2.76613  3.07804  0.00000
 2.76613  3.07804  0.00000
 2.76613  3.07804  0.00000
 2.76613  3.07804  0.00001
 2.76613  3.07804  0.00000
 2.76613  3.32229  0.00000
 2.76613  3.32229  0.00001
 2.76613  3.32229  0.00001
 2.76613  3.32229  0.00001
 2.76613  3.32229  0.00000
 2.76613  3.32229  0.00001
 2.76613  3.32229  0.00001
 2.76613  3.32229  0.00000
 2.76613  3.32229  0.00000
 2.76613  3.32229  0.00001
 2.76613  3.32229  0.00001
 2.76613  3.32229  0.00000
 2.76613  3.32229  0.00000
 2.76613  3.32229  0.00000
 2.76613  3.32229  0.00001
 2.76613  3.32229  0.00000
 3.13186  3.21959  0.00000
 3.13186  3.21959  0.00002
 3.13186  3.21959  0.00003
 3.13186  3.21959  0.00002
 3.13186  3.21959  0.00000
 3.13186  3.21959  0.00001
 3.13186  3.21959  0.00002
 3.13186  3.21959  0.00001
 3.13186  3.21959  0.00000
 3.13186  3.21959  0.00001
 3.13186  3.21959  0.00002
 3.13186  3.21959  0.00001
 3.13186  3.21959  0.00000
 3.13186  3.21959  0.00001
 3.13186  3.21959  0.00001
 3.13186  3.21959  0.00001
 3.13186  3.42428  0.00000
 3.13186  3.42428  0.00001
 3.13186  3.42428  0.00002
 3.13186  3.42428  0.00001
 3.13186  3.42428  0.00000
 3.13186  3.42428  0.00001
 3.13186  3.42428  0.00001
 3.13186  3.42428  0.00001
 3.13186  3.42428  0.00000
 3.13186  3.42428  0.00001
 3.13186  3.42428  0.00001
 3.13186  3.42428  0.00001
 3.13186  3.42428  0.00000
 3.13186  3.42428  0.00000
 3.13186  3.42428  0.00001
 3.13186  3.42428  0.00000
 3.13186  3.66021  0.00000
 3.13186  3.66021  0.00001
 3.13186  3.66021  0.00002
 3.13186  3.66021  0.00001
 3.13186  3.66021  0.00000
 3.13186  3.66021  0.00001
 3.13186  3.66021  0.00001
 3.13186  3.66021  0.00001
 3.13186  3.66021  0.00000
 3.13186  3.66021  0.00001
 3.13186  3.66021  0.00001
 3.13186  3.66021  0.00001
 3.13186  3.66021  0.00000
 3.13186  3.66021  0.00000
 3.13186  3.66021  0.00001
 3.13186  3.66021  0.00000
 3.54595  3.63368  0.00001
 3.54595  3.63368  0.00005
 3.54595  3.63368  0.00003
 3.54595  3.63368  0.00001
 3.54595  3.63368  0.00004
 3.54595  3.63368  0.00002
 3.54595  3.63368  0.00001
 3.54595  3.63368  0.00003
 3.54595  3.63368  0.00002
 3.54595  3.63368  0.00001
 3.54595  3.63368  0.00002
 3.54595  3.63368  0.00001
 3.54595  3.81887  0.00001
 3.54595  3.81887  0.00004
 3.54595  3.81887  0.00002
 3.54595  3.81887  0.00001
 3.54595  3.81887  0.00002
 3.54595  3.81887  0.00001
 3.54595  3.81887  0.00001
 3.54595  3.81887  0.00002
 3.54595  3.81887  0.00001
 3.54595  3.81887  0.00000
 3.54595  3.81887  0.00002
 3.54595  3.81887  0.00001
 3.54595  3.99088  0.00001
 3.54595  3.99088  0.00003
 3.54595  3.99088  0.00002
 3.54595  3.99088  0.00001
 3.54595  3.99088  0.00002
 3.54595  3.99088  0.00001
 3.54595  3.99088  0.00000
 3.54595  3.99088  0.00002
 3.54595  3.99088  0.00001
 3.54595  3.99088  0.00000
 3.54595  3.99088  0.00001
 3.54595  3.99088  0.00001
 4.01480  4.09277  0.00001
 4.01480  4.09277  0.00003
 4.01480  4.09277  0.00002
 4.01480  4.09277  0.00000
 4.01480  4.09277  0.00002
 4.01480  4.09277  0.00001
 4.01480  4.09277  0.00000
 4.01480  4.09277  0.00002
 4.01480  4.09277  0.00001
 4.01480  4.09277  0.00000
 4.01480  4.09277  0.00001
 4.01480  4.09277  0.00001
 4.01480  4.26822  0.00000
 4.01480  4.26822  0.00002
 4.01480  4.26822  0.00001
 4.01480  4.26822  0.00000
 4.01480  4.26822  0.00001
 4.01480  4.26822  0.00001
 4.01480  4.26822  0.00000
 4.01480  4.26822  0.00001
 4.01480  4.26822  0.00001
 4.01480  4.26822  0.00000
 4.01480  4.26822  0.00001
 4.01480  4.26822  0.00000
 4.01480  4.45972  0.00000
 4.01480  4.45972  0.00002
 4.01480  4.45972  0.00001
 4.01480  4.45972  0.00000
 4.01480  4.45972  0.00001
 4.01480  4.45972  0.00001
 4.01480  4.45972  0.00000
 4.01480  4.45972  0.00001
 4.01480  4.45972  0.00001
 4.01480  4.45972  0.00000
 4.01480  4.45972  0.00001
 4.01480  4.45972  0.00000
 4.54563  4.61386  0.00000
 4.54563  4.61386  0.00001
 4.54563  4.61386  0.00002
 4.54563  4.61386  0.00000
 4.54563  4.61386  0.00001
 4.54563  4.61386  0.00002
 4.54563  4.61386  0.00000
 4.54563  4.61386  0.00001
 4.54563  4.61386  0.00001
 4.54563  4.61386  0.00000
 4.54563  4.61386  0.00000
 4.54563  4.61386  0.00001
 4.54563  4.77956  0.00000
 4.54563  4.77956  0.00001
 4.54563  4.77956  0.00002
 4.54563  4.77956  0.00000
 4.54563  4.77956  0.00001
 4.54563  4.77956  0.00002
 4.54563  4.77956  0.00000
 4.54563  4.77956  0.00000
 4.54563  4.77956  0.00001
 4.54563  4.77956  0.00000
 4.54563  4.77956  0.00000
 4.54563  4.77956  0.00001
 4.54563  4.96275  0.00000
 4.54563  4.96275  0.00001
 4.54563  4.96275  0.00002
 4.54563  4.96275  0.00000
 4.54563  4.96275  0.00000
 4.54563  4.96275  0.00001
 4.54563  4.96275  0.00000
 4.54563  4.96275  0.00000
 4.54563  4.96275  0.00001
 4.54563  4.96275  0.00000
 4.54563  4.96275  0.00000
 4.54563  4.96275  0.00001
 4.54563  5.87095  0.00000
 4.54563  5.87095  0.00000
 4.54563  5.87095  0.00002
 4.54563  5.87095  0.00000
 4.54563  5.87095  0.00000
 4.54563  5.87095  0.00001
 4.54563  5.87095  0.00000
 4.54563  5.87095  0.00000
 4.54563  5.87095  0.00001
 4.54563  5.87095  0.00000
 4.54563  5.87095  0.00000
 4.54563  5.87095  0.00001
 5.14665  5.21488  0.00004
 5.14665  5.21488  0.00006
 5.14665  5.21488  0.00003
 5.14665  5.21488  0.00005
 5.14665  5.21488  0.00003
 5.14665  5.21488  0.00004
 5.14665  5.21488  0.00002
 5.14665  5.21488  0.00004
 5.14665  5.36108  0.00003
 5.14665  5.36108  0.00004
 5.14665  5.36108  0.00002
 5.14665  5.36108  0.00003
 5.14665  5.36108  0.00002
 5.14665  5.36108  0.00003
 5.14665  5.36108  0.00001
 5.14665  5.36108  0.00002
 5.14665  5.50815  0.00003
 5.14665  5.50815  0.00004
 5.14665  5.50815  0.00002
 5.14665  5.50815  0.00003
 5.14665  5.50815  0.00001
 5.14665  5.50815  0.00003
 5.14665  5.50815  0.00001
 5.14665  5.50815  0.00002
 5.14665  6.35672  0.00002
 5.14665  6.35672  0.00003
 5.14665  6.35672  0.00001
 5.14665  6.35672  0.00002
 5.14665  6.35672  0.00001
 5.14665  6.35672  0.00002
 5.14665  6.35672  0.00001
 5.14665  6.35672  0.00002
 5.82713  5.88561  0.00002
 5.82713  5.88561  0.00002
 5.82713  5.88561  0.00001
 5.82713  5.88561  0.00001
 5.82713  5.88561  0.00001
 5.82713  5.88561  0.00001
 5.82713  5.88561  0.00001
 5.82713  5.88561  0.00001
 5.82713  6.02207  0.00001
 5.82713  6.02207  0.00001
 5.82713  6.02207  0.00001
 5.82713  6.02207  0.00001
 5.82713  6.02207  0.00001
 5.82713  6.02207  0.00001
 5.82713  6.02207  0.00001
 5.82713  6.02207  0.00001
 5.82713  6.16082  0.00001
 5.82713  6.16082  0.00001
 5.82713  6.16082  0.00001
 5.82713  6.16082  0.00001
 5.82713  6.16082  0.00001
 5.82713  6.16082  0.00001
 5.82713  6.16082  0.00001
 5.82713  6.16082  0.00000
 5.82713  6.97958  0.00001
 5.82713  6.97958  0.00001
 5.82713  6.97958  0.00001
 5.82713  6.97958  0.00001
 5.82713  6.97958  0.00001
 5.82713  6.97958  0.00000
 5.82713  6.97958  0.00000
 5.82713  6.97958  0.00000
 6.59759  6.65607  0.00001
 6.59759  6.65607  0.00002
 6.59759  6.65607  0.00001
 6.59759  6.65607  0.00002
 6.59759  6.65607  0.00000
 6.59759  6.65607  0.00001
 6.59759  6.65607  0.00000
 6.59759  6.65607  0.00001
 6.59759  6.77304  0.00001
 6.59759  6.77304  0.00002
 6.59759  6.77304  0.00000
 6.59759  6.77304  0.00001
 6.59759  6.77304  0.00000
 6.59759  6.77304  0.00001
 6.59759  6.77304  0.00000
 6.59759  6.77304  0.00001
 6.59759  6.90348  0.00001
 6.59759  6.90348  0.00002
 6.59759  6.90348  0.00000
 6.59759  6.90348  0.00001
 6.59759  6.90348  0.00000
 6.59759  6.90348  0.00001
 6.59759  6.90348  0.00000
 6.59759  6.90348  0.00001
 6.59759  7.63479  0.00000
 6.59759  7.63479  0.00002
 6.59759  7.63479  0.00000
 6.59759  7.63479  0.00001
 6.59759  7.63479  0.00000
 6.59759  7.63479  0.00001
 6.59759  7.63479  0.00000
 6.59759  7.63479  0.00001
 7.46991  7.51865  0.00003
 7.46991  7.51865  0.00003
 7.46991  7.51865  0.00003
 7.46991  7.51865  0.00002
 7.46991  7.62586  0.00003
 7.46991  7.62586  0.00002
 7.46991  7.62586  0.00002
 7.46991  7.62586  0.00002
 7.46991  7.74799  0.00002
 7.46991  7.74799  0.00002
 7.46991  7.74799  0.00002
 7.46991  7.74799  0.00002
 7.46991  8.44949  0.00002
 7.46991  8.44949  0.00002
 7.46991  8.44949  0.00002
 7.46991  8.44949  0.00001
 8.45758  8.50631  0.00005
 8.45758  8.50631  0.00004
 8.45758  8.50631  0.00003
 8.45758  8.50631  0.00003
 8.45758  8.59404  0.00004
 8.45758  8.59404  0.00003
 8.45758  8.59404  0.00003
 8.45758  8.59404  0.00002
 8.45758  8.70785  0.00004
 8.45758  8.70785  0.00003
 8.45758  8.70785  0.00003
 8.45758  8.70785  0.00002
 8.45758  9.32192  0.00004
 8.45758  9.32192  0.00003
 8.45758  9.32192  0.00003
 8.45758  9.32192  0.00002
 9.57583  9.61481  0.00003
 9.57583  9.61481  0.00003
 9.57583  9.61481  0.00003
 9.57583  9.61481  0.00003
 9.57583  9.71229  0.00002
 9.57583  9.71229  0.00002
 9.57583  9.71229  0.00002
 9.57583  9.71229  0.00002
 9.57583  9.82610  0.00002
 9.57583  9.82610  0.00002
 9.57583  9.82610  0.00002
 9.57583  9.82610  0.00002
 9.57583 10.38254  0.00001
 9.57583 10.38254  0.00001
 9.57583 10.38254  0.00001
 9.57583 10.38254  0.00001
