 0.29589  0.53939  0.01221
 0.29589  0.53070  0.00758
 0.29589  0.53070  0.00648
 0.33501  0.56112  0.00593
 0.33501  0.56112  0.00368
 0.33501  0.56112  0.00315
 0.42945  0.63817  0.00652
 0.42945  0.63817  0.00405
 0.42945  0.63817  0.00346
 0.29589  0.55335  0.00002
 0.29589  0.55335  0.00145
 0.29589  0.55335  0.00073
 0.29589  0.55335  0.00001
 0.29589  0.55335  0.00090
 0.29589  0.55335  0.00045
 0.29589  0.55335  0.00001
 0.29589  0.55335  0.00077
 0.29589  0.55335  0.00039
 0.33501  0.58328  0.00001
 0.33501  0.58328  0.00160
 0.33501  0.58328  0.00285
 0.33501  0.58328  0.00001
 0.33501  0.58328  0.00100
 0.33501  0.58328  0.00177
 0.33501  0.58328  0.00000
 0.33501  0.58328  0.00085
 0.33501  0.58328  0.00151
 0.37930  0.61838  0.00092
 0.37930  0.61838  0.00347
 0.37930  0.60918  0.00062
 0.37930  0.60918  0.00225
 0.37930  0.60918  0.00055
 0.37930  0.60918  0.00197
 0.42945  0.65933  0.00036
 0.42945  0.65933  0.00171
 0.42945  0.65933  0.00024
 0.42945  0.65933  0.00109
 0.42945  0.65933  0.00022
 0.42945  0.65933  0.00094
 0.48624  0.69772  0.00001
 0.48624  0.69772  0.00301
 0.48624  0.69772  0.00000
 0.48624  0.69772  0.00187
 0.48624  0.69772  0.00000
 0.48624  0.69772  0.00160
 0.55053  0.75282  0.00190
 0.55053  0.75282  0.00118
 0.55053  0.75282  0.00101
 0.62332  1.21180  0.00032
 0.62332  1.21180  0.00020
 0.62332  1.21180  0.00017
 0.70573  1.27583  0.00020
 0.70573  1.27583  0.00012
 0.70573  1.27583  0.00011
 1.48669  2.22122  0.00000
 1.48669  2.22122  0.00000
 1.48669  2.22122  0.00000
 1.48669  2.22122  0.00000
 1.68326  2.36532  0.00000
 1.68326  2.36532  0.00000
 1.68326  2.36532  0.00000
 1.68326  2.36532  0.00000
 3.13186  4.59957  0.00002
 3.13186  4.59957  0.00001
 3.13186  4.59957  0.00001
 3.13186  4.59957  0.00001
 0.29589  0.57325  0.00000
 0.29589  0.57325  0.00024
 0.29589  0.57325  0.00151
 0.29589  0.57325  0.00018
 0.29589  0.57325  0.00000
 0.29589  0.57325  0.00016
 0.29589  0.57325  0.00102
 0.29589  0.57325  0.00012
 0.29589  0.57325  0.00000
 0.29589  0.57325  0.00015
 0.29589  0.57325  0.00091
 0.29589  0.57325  0.00011
 0.33501  0.60281  0.00000
 0.33501  0.60281  0.00072
 0.33501  0.60281  0.00361
 0.33501  0.60281  0.00100
 0.33501  0.59324  0.00000
 0.33501  0.59324  0.00045
 0.33501  0.59324  0.00229
 0.33501  0.59324  0.00063
 0.33501  0.59324  0.00000
 0.33501  0.59324  0.00039
 0.33501  0.59324  0.00197
 0.33501  0.59324  0.00055
 0.37930  0.63754  0.00020
 0.37930  0.63754  0.00231
 0.37930  0.63754  0.00125
 0.37930  0.62797  0.00013
 0.37930  0.62797  0.00146
 0.37930  0.62797  0.00078
 0.37930  0.62797  0.00011
 0.37930  0.62797  0.00126
 0.37930  0.62797  0.00068
 0.42945  0.66856  0.00001
 0.42945  0.66856  0.00158
 0.42945  0.66856  0.00176
 0.42945  0.66856  0.00001
 0.42945  0.66856  0.00101
 0.42945  0.66856  0.00113
 0.42945  0.66856  0.00001
 0.42945  0.66856  0.00087
 0.42945  0.66856  0.00098
 0.48624  0.71578  0.00000
 0.48624  0.71578  0.00093
 0.48624  0.71578  0.00165
 0.48624  0.71578  0.00000
 0.48624  0.71578  0.00059
 0.48624  0.71578  0.00105
 0.48624  0.71578  0.00000
 0.48624  0.71578  0.00051
 0.48624  0.71578  0.00091
 0.55053  0.77050  0.00000
 0.55053  0.77050  0.00030
 0.55053  0.77050  0.00183
 0.55053  0.77050  0.00000
 0.55053  0.77050  0.00019
 0.55053  0.77050  0.00115
 0.55053  0.77050  0.00000
 0.55053  0.77050  0.00017
 0.55053  0.77050  0.00099
 0.62332  0.83373  0.00008
 0.62332  0.83373  0.00138
 0.62332  0.83373  0.00005
 0.62332  0.83373  0.00086
 0.62332  0.83373  0.00005
 0.62332  0.83373  0.00074
 0.62332  1.23543  0.00003
 0.62332  1.23543  0.00057
 0.62332  1.23543  0.00003
 0.62332  1.23543  0.00048
 0.70573  1.31784  0.00000
 0.70573  1.31784  0.00006
 0.70573  1.31784  0.00000
 0.70573  1.31784  0.00004
 0.79904  1.37290  0.00023
 0.79904  1.37290  0.00014
 0.79904  1.37290  0.00012
 0.90469  1.45941  0.00001
 0.90469  1.45941  0.00001
 0.90469  1.44029  0.00001
 1.02430  1.52165  0.00000
 1.02430  1.52165  0.00000
 1.02430  1.52165  0.00000
 1.02430  1.52165  0.00000
 1.02430  1.52165  0.00000
 1.02430  1.52165  0.00000
 1.02430  1.97932  0.00000
 1.02430  1.97932  0.00000
 1.02430  1.97932  0.00000
 1.02430  1.97932  0.00000
 1.02430  1.97932  0.00000
 1.02430  1.97932  0.00000
 1.02430  1.97932  0.00000
 1.02430  1.97932  0.00000
 1.15974  1.63795  0.00000
 1.15974  1.63795  0.00000
 1.15974  1.63795  0.00000
 1.15974  1.63795  0.00000
 1.15974  1.63795  0.00000
 1.15974  1.63795  0.00000
 1.15974  1.63795  0.00000
 1.15974  1.63795  0.00000
 1.15974  2.00561  0.00000
 1.15974  2.00561  0.00000
 1.15974  2.00561  0.00000
 1.15974  2.00561  0.00000
 1.15974  2.00561  0.00000
 1.15974  2.00561  0.00000
 1.15974  2.00561  0.00000
 1.15974  2.00561  0.00000
 1.31308  1.77216  0.00000
 1.31308  1.77216  0.00000
 1.31308  1.77216  0.00000
 1.31308  1.77216  0.00000
 1.31308  1.77216  0.00000
 1.31308  1.77216  0.00000
 1.31308  1.77216  0.00000
 1.31308  1.77216  0.00000
 1.31308  1.77216  0.00000
 1.31308  1.77216  0.00000
 1.31308  1.77216  0.00000
 1.31308  1.77216  0.00000
 1.31308  2.15895  0.00000
 1.31308  2.15895  0.00000
 1.31308  2.15895  0.00000
 1.31308  2.15895  0.00000
 1.31308  2.15895  0.00000
 1.31308  2.15895  0.00000
 1.31308  2.15895  0.00000
 1.31308  2.15895  0.00000
 1.31308  2.15895  0.00000
 1.31308  2.15895  0.00000
 1.31308  2.15895  0.00000
 1.31308  2.15895  0.00000
 1.48669  2.27799  0.00000
 1.48669  2.27799  0.00000
 1.48669  2.27799  0.00000
 1.48669  2.27799  0.00000
 1.48669  2.27799  0.00000
 1.48669  2.27799  0.00000
 1.48669  2.27799  0.00000
 1.48669  2.27799  0.00000
 1.68326  2.41999  0.00000
 1.68326  2.41999  0.00000
 1.68326  2.41999  0.00000
 1.68326  2.41999  0.00000
 1.90582  2.58797  0.00000
 1.90582  2.58797  0.00000
 1.90582  2.58797  0.00000
 1.90582  2.58797  0.00000
 2.15780  4.24985  0.00000
 2.15780  4.24985  0.00000
 2.15780  4.24985  0.00000
 2.15780  4.24985  0.00000
 2.44310  4.42206  0.00000
 2.44310  4.42206  0.00001
 2.44310  4.42206  0.00000
 2.44310  4.42206  0.00000
 2.44310  4.42206  0.00001
 2.44310  4.42206  0.00000
 2.44310  4.42206  0.00000
 2.44310  4.42206  0.00001
 2.44310  4.42206  0.00000
 2.44310  4.42206  0.00000
 2.44310  4.42206  0.00000
 2.44310  4.42206  0.00000
 2.76613  4.57546  0.00000
 2.76613  4.57546  0.00000
 2.76613  4.57546  0.00000
 2.76613  4.57546  0.00000
 3.13186  4.82811  0.00000
 3.13186  4.82811  0.00001
 3.13186  4.82811  0.00001
 3.13186  4.82811  0.00000
 3.13186  4.82811  0.00001
 3.13186  4.82811  0.00001
 3.13186  4.82811  0.00000
 3.13186  4.82811  0.00001
 3.13186  4.82811  0.00001
 3.13186  4.82811  0.00000
 3.13186  4.82811  0.00000
 3.13186  4.82811  0.00001
 3.54595  5.01604  0.00001
 3.54595  5.01604  0.00001
 3.54595  5.01604  0.00000
 3.54595  5.01604  0.00000
 4.01480  5.37180  0.00001
 4.01480  5.37180  0.00001
 4.01480  5.37180  0.00001
 4.01480  5.37180  0.00001
 0.29589  0.59001  0.00000
 0.29589  0.59001  0.00019
 0.29589  0.59001  0.00125
 0.29589  0.58020  0.00024
 0.29589  0.58020  0.00000
 0.29589  0.58020  0.00013
 0.29589  0.58020  0.00085
 0.29589  0.58020  0.00016
 0.29589  0.58020  0.00000
 0.29589  0.58020  0.00012
 0.29589  0.58020  0.00076
 0.29589  0.58020  0.00014
 0.33501  0.60952  0.00001
 0.33501  0.60952  0.00148
 0.33501  0.60952  0.00395
 0.33501  0.60952  0.00060
 0.33501  0.60952  0.00000
 0.33501  0.60952  0.00094
 0.33501  0.60952  0.00254
 0.33501  0.60952  0.00040
 0.33501  0.60952  0.00000
 0.33501  0.60952  0.00081
 0.33501  0.60952  0.00222
 0.33501  0.60952  0.00035
 0.37930  0.64401  0.00000
 0.37930  0.64401  0.00055
 0.37930  0.64401  0.00248
 0.37930  0.64401  0.00062
 0.37930  0.64401  0.00000
 0.37930  0.64401  0.00034
 0.37930  0.64401  0.00156
 0.37930  0.64401  0.00039
 0.37930  0.64401  0.00000
 0.37930  0.64401  0.00029
 0.37930  0.64401  0.00134
 0.37930  0.64401  0.00034
 0.42945  0.68436  0.00000
 0.42945  0.68436  0.00019
 0.42945  0.68436  0.00206
 0.42945  0.68436  0.00103
 0.42945  0.68436  0.00000
 0.42945  0.68436  0.00012
 0.42945  0.68436  0.00134
 0.42945  0.68436  0.00067
 0.42945  0.68436  0.00000
 0.42945  0.68436  0.00011
 0.42945  0.68436  0.00117
 0.42945  0.68436  0.00058
 0.48624  0.73134  0.00000
 0.48624  0.73134  0.00006
 0.48624  0.73134  0.00103
 0.48624  0.73134  0.00095
 0.48624  0.73134  0.00000
 0.48624  0.73134  0.00003
 0.48624  0.73134  0.00066
 0.48624  0.73134  0.00060
 0.48624  0.73134  0.00000
 0.48624  0.73134  0.00003
 0.48624  0.73134  0.00057
 0.48624  0.73134  0.00052
 0.55053  0.77602  0.00000
 0.55053  0.77602  0.00013
 0.55053  0.77602  0.00137
 0.55053  0.77602  0.00147
 0.55053  0.77602  0.00000
 0.55053  0.77602  0.00008
 0.55053  0.77602  0.00086
 0.55053  0.77602  0.00094
 0.55053  0.77602  0.00000
 0.55053  0.77602  0.00007
 0.55053  0.77602  0.00074
 0.55053  0.77602  0.00081
 0.62332  0.84881  0.00000
 0.62332  0.84881  0.00001
 0.62332  0.84881  0.00052
 0.62332  0.84881  0.00157
 0.62332  0.84881  0.00000
 0.62332  0.84881  0.00000
 0.62332  0.84881  0.00032
 0.62332  0.84881  0.00098
 0.62332  0.84881  0.00000
 0.62332  0.84881  0.00000
 0.62332  0.84881  0.00028
 0.62332  0.84881  0.00084
 0.79904  1.42650  0.00000
 0.79904  1.42650  0.00000
 0.79904  1.42650  0.00004
 0.79904  1.42650  0.00049
 0.79904  1.42650  0.00000
 0.79904  1.42650  0.00000
 0.79904  1.42650  0.00002
 0.79904  1.38728  0.00030
 0.79904  1.42650  0.00000
 0.79904  1.42650  0.00000
 0.79904  1.38728  0.00002
 0.79904  1.38728  0.00026
 0.90469  1.49293  0.00000
 0.90469  1.49293  0.00000
 0.90469  1.49293  0.00000
 0.90469  1.49293  0.00007
 0.90469  1.49293  0.00000
 0.90469  1.49293  0.00000
 0.90469  1.45371  0.00000
 0.90469  1.49293  0.00005
 0.90469  1.49293  0.00000
 0.90469  1.49293  0.00000
 0.90469  1.45371  0.00000
 0.90469  1.49293  0.00004
 1.02430  1.61255  0.00000
 1.02430  1.61255  0.00000
 1.02430  1.61255  0.00000
 1.02430  1.61255  0.00000
 1.02430  1.61255  0.00000
 1.02430  1.61255  0.00000
 1.02430  1.61255  0.00000
 1.02430  1.61255  0.00000
 1.02430  1.61255  0.00000
 1.02430  1.61255  0.00000
 1.02430  1.61255  0.00000
 1.02430  1.61255  0.00000
 1.02430  2.00327  0.00000
 1.02430  2.00327  0.00000
 1.02430  2.00327  0.00000
 1.02430  2.00327  0.00000
 1.02430  2.00327  0.00000
 1.02430  2.00327  0.00000
 1.02430  2.00327  0.00000
 1.02430  2.00327  0.00000
 1.02430  2.00327  0.00000
 1.02430  2.00327  0.00000
 1.02430  2.00327  0.00000
 1.02430  2.00327  0.00000
 1.02430  2.00327  0.00000
 1.02430  2.00327  0.00000
 1.02430  2.00327  0.00000
 1.02430  2.00327  0.00000
 1.15974  1.66955  0.00000
 1.15974  1.66955  0.00000
 1.15974  1.66955  0.00000
 1.15974  1.66955  0.00000
 1.15974  1.66955  0.00000
 1.15974  1.66955  0.00000
 1.15974  1.66955  0.00000
 1.15974  1.66955  0.00000
 1.15974  1.66955  0.00000
 1.15974  1.66955  0.00000
 1.15974  1.66955  0.00000
 1.15974  1.66955  0.00000
 1.15974  2.08276  0.00000
 1.15974  2.08276  0.00000
 1.15974  2.08276  0.00000
 1.15974  2.08276  0.00000
 1.15974  2.08276  0.00000
 1.15974  2.08276  0.00000
 1.15974  2.08276  0.00000
 1.15974  2.08276  0.00000
 1.15974  2.08276  0.00000
 1.15974  2.08276  0.00000
 1.15974  2.08276  0.00000
 1.15974  2.08276  0.00000
 1.31308  1.82289  0.00000
 1.31308  1.78367  0.00000
 1.31308  1.78367  0.00000
 1.31308  1.78367  0.00000
 1.31308  1.78367  0.00000
 1.31308  1.78367  0.00000
 1.31308  1.78367  0.00000
 1.31308  1.78367  0.00000
 1.31308  1.78367  0.00000
 1.31308  1.82289  0.00000
 1.31308  1.78367  0.00000
 1.31308  1.78367  0.00000
 1.31308  2.18016  0.00000
 1.31308  2.18016  0.00000
 1.31308  2.18016  0.00000
 1.31308  2.18016  0.00000
 1.31308  2.18016  0.00000
 1.31308  2.18016  0.00000
 1.31308  2.18016  0.00000
 1.31308  2.18016  0.00000
 1.31308  2.18016  0.00000
 1.31308  2.18016  0.00000
 1.31308  2.18016  0.00000
 1.31308  2.18016  0.00000
 1.48669  2.29783  0.00000
 1.48669  2.29783  0.00000
 1.48669  2.29783  0.00000
 1.48669  2.29783  0.00000
 1.48669  2.29783  0.00000
 1.48669  2.29783  0.00000
 1.48669  2.29783  0.00000
 1.48669  2.29783  0.00000
 1.68326  2.43846  0.00000
 1.68326  2.43846  0.00000
 1.68326  2.43846  0.00000
 1.68326  2.43846  0.00000
 1.68326  2.43846  0.00000
 1.68326  2.43846  0.00000
 1.68326  2.43846  0.00000
 1.68326  2.43846  0.00000
 1.90582  2.63304  0.00000
 1.90582  2.63304  0.00001
 1.90582  2.63304  0.00000
 1.90582  2.63304  0.00000
 1.90582  2.63304  0.00000
 1.90582  2.63304  0.00001
 1.90582  2.63304  0.00000
 1.90582  2.63304  0.00000
 1.90582  2.63304  0.00000
 1.90582  2.63304  0.00001
 1.90582  2.63304  0.00000
 1.90582  2.63304  0.00000
 1.90582  2.63304  0.00000
 1.90582  2.63304  0.00000
 1.90582  2.63304  0.00000
 1.90582  2.63304  0.00000
 2.15780  4.30229  0.00000
 2.15780  4.30229  0.00000
 2.15780  4.30229  0.00000
 2.15780  4.30229  0.00000
 2.15780  4.30229  0.00000
 2.15780  4.30229  0.00000
 2.15780  4.30229  0.00000
 2.15780  4.30229  0.00000
 2.15780  4.30229  0.00000
 2.15780  4.30229  0.00000
 2.15780  4.30229  0.00000
 2.15780  4.30229  0.00000
 2.44310  4.47167  0.00000
 2.44310  4.47167  0.00001
 2.44310  4.47167  0.00001
 2.44310  4.47167  0.00000
 2.44310  4.47167  0.00000
 2.44310  4.47167  0.00000
 2.44310  4.47167  0.00001
 2.44310  4.47167  0.00000
 2.44310  4.47167  0.00000
 2.44310  4.47167  0.00000
 2.44310  4.47167  0.00000
 2.44310  4.47167  0.00000
 2.44310  4.47167  0.00000
 2.44310  4.47167  0.00000
 2.44310  4.47167  0.00000
 2.44310  4.47167  0.00000
 2.76613  4.62082  0.00000
 2.76613  4.62082  0.00000
 2.76613  4.62082  0.00001
 2.76613  4.62082  0.00000
 2.76613  4.62082  0.00000
 2.76613  4.62082  0.00000
 2.76613  4.62082  0.00000
 2.76613  4.62082  0.00000
 2.76613  4.62082  0.00000
 2.76613  4.62082  0.00000
 2.76613  4.62082  0.00000
 2.76613  4.62082  0.00000
 2.76613  4.62082  0.00000
 2.76613  4.62082  0.00000
 2.76613  4.62082  0.00000
 2.76613  4.62082  0.00000
 3.13186  4.92859  0.00001
 3.13186  4.92859  0.00000
 3.13186  4.92859  0.00001
 3.13186  4.92859  0.00000
 3.13186  4.92859  0.00001
 3.13186  4.92859  0.00000
 3.13186  4.92859  0.00000
 3.13186  4.92859  0.00000
 3.54595  5.05289  0.00001
 3.54595  5.05289  0.00002
 3.54595  5.05289  0.00001
 3.54595  5.05289  0.00001
 3.54595  5.05289  0.00001
 3.54595  5.05289  0.00001
 3.54595  5.05289  0.00000
 3.54595  5.05289  0.00001
 4.01480  5.46377  0.00000
 4.01480  5.46377  0.00001
 4.01480  5.46377  0.00000
 4.01480  5.46377  0.00001
 4.01480  5.46377  0.00000
 4.01480  5.46377  0.00001
 4.01480  5.46377  0.00000
 4.01480  5.46377  0.00001
 5.14665  6.88542  0.00003
 5.14665  6.88542  0.00002
 5.14665  6.88542  0.00002
 5.14665  6.88542  0.00001
 0.33501  0.61261  0.00000
 0.33501  0.61261  0.00005
 0.33501  0.62253  0.00149
 0.33501  0.62253  0.00300
 0.33501  0.62253  0.00066
 0.33501  0.61261  0.00000
 0.33501  0.61261  0.00003
 0.33501  0.62253  0.00096
 0.33501  0.62253  0.00197
 0.33501  0.62253  0.00044
 0.33501  0.61261  0.00000
 0.33501  0.61261  0.00003
 0.33501  0.62253  0.00084
 0.33501  0.62253  0.00173
 0.33501  0.62253  0.00039
 0.37930  0.65691  0.00000
 0.37930  0.65691  0.00002
 0.37930  0.65691  0.00163
 0.37930  0.65691  0.00306
 0.37930  0.65691  0.00071
 0.37930  0.65691  0.00000
 0.37930  0.65691  0.00002
 0.37930  0.65691  0.00103
 0.37930  0.64699  0.00195
 0.37930  0.64699  0.00046
 0.37930  0.65691  0.00000
 0.37930  0.65691  0.00001
 0.37930  0.65691  0.00089
 0.37930  0.64699  0.00169
 0.37930  0.64699  0.00040
 0.42945  0.68723  0.00000
 0.42945  0.68723  0.00044
 0.42945  0.68723  0.00173
 0.42945  0.68723  0.00070
 0.42945  0.68723  0.00000
 0.42945  0.68723  0.00028
 0.42945  0.68723  0.00112
 0.42945  0.68723  0.00045
 0.42945  0.68723  0.00000
 0.42945  0.68723  0.00025
 0.42945  0.68723  0.00098
 0.42945  0.68723  0.00040
 0.48624  0.73410  0.00000
 0.48624  0.73410  0.00001
 0.48624  0.73410  0.00029
 0.48624  0.72418  0.00149
 0.48624  0.72418  0.00080
 0.48624  0.73410  0.00000
 0.48624  0.73410  0.00000
 0.48624  0.73410  0.00018
 0.48624  0.72418  0.00096
 0.48624  0.72418  0.00051
 0.48624  0.73410  0.00000
 0.48624  0.73410  0.00000
 0.48624  0.73410  0.00016
 0.48624  0.72418  0.00084
 0.48624  0.72418  0.00045
 0.55053  0.78847  0.00000
 0.55053  0.78847  0.00000
 0.55053  0.78847  0.00034
 0.55053  0.78847  0.00208
 0.55053  0.78847  0.00116
 0.55053  0.78847  0.00000
 0.55053  0.78847  0.00000
 0.55053  0.78847  0.00021
 0.55053  0.78847  0.00133
 0.55053  0.78847  0.00074
 0.55053  0.78847  0.00000
 0.55053  0.78847  0.00000
 0.55053  0.78847  0.00018
 0.55053  0.78847  0.00115
 0.55053  0.78847  0.00064
 0.62332  0.86126  0.00000
 0.62332  0.86126  0.00000
 0.62332  0.86126  0.00006
 0.62332  0.85135  0.00085
 0.62332  0.85135  0.00137
 0.62332  0.86126  0.00000
 0.62332  0.86126  0.00000
 0.62332  0.86126  0.00003
 0.62332  0.85135  0.00054
 0.62332  0.85135  0.00087
 0.62332  0.86126  0.00000
 0.62332  0.86126  0.00003
 0.62332  0.85135  0.00046
 0.62332  0.85135  0.00075
 0.79904  1.43356  0.00000
 0.79904  1.43356  0.00000
 0.79904  1.43356  0.00001
 0.79904  1.43356  0.00028
 0.79904  1.43356  0.00066
 0.79904  1.43356  0.00000
 0.79904  1.43356  0.00000
 0.79904  1.43356  0.00001
 0.79904  1.39390  0.00017
 0.79904  1.43356  0.00042
 0.79904  1.43356  0.00000
 0.79904  1.43356  0.00000
 0.79904  1.43356  0.00000
 0.79904  1.39390  0.00015
 0.79904  1.43356  0.00036
 0.90469  1.49955  0.00000
 0.90469  1.49955  0.00000
 0.90469  1.49955  0.00002
 0.90469  1.49955  0.00018
 0.90469  1.49955  0.00000
 0.90469  1.49955  0.00000
 0.90469  1.49955  0.00001
 0.90469  1.49955  0.00011
 0.90469  1.49955  0.00000
 0.90469  1.49955  0.00000
 0.90469  1.49955  0.00001
 0.90469  1.49955  0.00009
 1.02430  1.61917  0.00000
 1.02430  1.61917  0.00000
 1.02430  1.61917  0.00000
 1.02430  1.61917  0.00001
 1.02430  1.61917  0.00000
 1.02430  1.61917  0.00000
 1.02430  1.61917  0.00000
 1.02430  1.61917  0.00000
 1.02430  1.61917  0.00000
 1.02430  1.61917  0.00000
 1.02430  1.61917  0.00000
 1.02430  1.61917  0.00000
 1.02430  2.01429  0.00000
 1.02430  2.01429  0.00000
 1.02430  2.01429  0.00000
 1.02430  2.01429  0.00000
 1.02430  2.01429  0.00000
 1.02430  2.01429  0.00000
 1.02430  2.01429  0.00000
 1.02430  2.01429  0.00000
 1.02430  2.01429  0.00000
 1.02430  2.01429  0.00000
 1.02430  2.01429  0.00000
 1.02430  2.01429  0.00000
 1.02430  2.01429  0.00000
 1.02430  2.01429  0.00000
 1.02430  2.01429  0.00000
 1.02430  2.01429  0.00000
 1.15974  1.71494  0.00000
 1.15974  1.71494  0.00000
 1.15974  1.71494  0.00000
 1.15974  1.71494  0.00000
 1.15974  1.71494  0.00000
 1.15974  1.71494  0.00000
 1.15974  1.71494  0.00000
 1.15974  1.71494  0.00000
 1.15974  1.71494  0.00000
 1.15974  1.71494  0.00000
 1.15974  1.71494  0.00000
 1.15974  1.71494  0.00000
 1.15974  2.12143  0.00000
 1.15974  2.09315  0.00000
 1.15974  2.09315  0.00000
 1.15974  2.12143  0.00000
 1.15974  2.09315  0.00000
 1.15974  2.09315  0.00000
 1.15974  2.12143  0.00000
 1.15974  2.09315  0.00000
 1.15974  2.09315  0.00000
 1.15974  2.12143  0.00000
 1.15974  2.09315  0.00000
 1.15974  2.09315  0.00000
 1.31308  1.82863  0.00000
 1.31308  1.82863  0.00000
 1.31308  1.82863  0.00000
 1.31308  1.82863  0.00000
 1.31308  1.82863  0.00000
 1.31308  1.82863  0.00000
 1.31308  1.82863  0.00000
 1.31308  1.82863  0.00000
 1.31308  1.82863  0.00000
 1.31308  1.82863  0.00000
 1.31308  1.82863  0.00000
 1.31308  1.82863  0.00000
 1.31308  2.18992  0.00000
 1.31308  2.18992  0.00000
 1.31308  2.18992  0.00000
 1.31308  2.18992  0.00000
 1.31308  2.18992  0.00000
 1.31308  2.18992  0.00000
 1.31308  2.18992  0.00000
 1.31308  2.18992  0.00000
 1.31308  2.18992  0.00000
 1.31308  2.18992  0.00000
 1.31308  2.18992  0.00000
 1.31308  2.18992  0.00000
 1.48669  2.33525  0.00000
 1.48669  2.33525  0.00000
 1.48669  2.33525  0.00001
 1.48669  2.30696  0.00000
 1.48669  2.30696  0.00000
 1.48669  2.33525  0.00000
 1.48669  2.33525  0.00000
 1.48669  2.33525  0.00000
 1.48669  2.30696  0.00000
 1.48669  2.30696  0.00000
 1.48669  2.33525  0.00000
 1.48669  2.33525  0.00000
 1.48669  2.33525  0.00000
 1.48669  2.30696  0.00000
 1.48669  2.30696  0.00000
 1.48669  2.33525  0.00000
 1.48669  2.33525  0.00000
 1.48669  2.33525  0.00000
 1.48669  2.30696  0.00000
 1.48669  2.30696  0.00000
 1.68326  2.44696  0.00000
 1.68326  2.44696  0.00000
 1.68326  2.44696  0.00000
 1.68326  2.44696  0.00000
 1.68326  2.44696  0.00000
 1.68326  2.44696  0.00000
 1.68326  2.44696  0.00000
 1.68326  2.44696  0.00000
 1.68326  2.44696  0.00000
 1.68326  2.44696  0.00000
 1.68326  2.44696  0.00000
 1.68326  2.44696  0.00000
 1.68326  2.44696  0.00000
 1.68326  2.44696  0.00000
 1.68326  2.44696  0.00000
 1.68326  2.44696  0.00000
 1.90582  2.64123  0.00000
 1.90582  2.64123  0.00000
 1.90582  2.64123  0.00001
 1.90582  2.64123  0.00001
 1.90582  2.64123  0.00000
 1.90582  2.64123  0.00000
 1.90582  2.64123  0.00000
 1.90582  2.64123  0.00001
 1.90582  2.64123  0.00000
 1.90582  2.64123  0.00000
 1.90582  2.64123  0.00000
 1.90582  2.64123  0.00000
 1.90582  2.64123  0.00001
 1.90582  2.64123  0.00000
 1.90582  2.64123  0.00000
 1.90582  2.64123  0.00000
 1.90582  2.64123  0.00000
 1.90582  2.64123  0.00000
 1.90582  2.64123  0.00000
 1.90582  2.64123  0.00000
 2.44310  4.49451  0.00000
 2.44310  4.49451  0.00001
 2.44310  4.49451  0.00001
 2.44310  4.49451  0.00000
 2.44310  4.49451  0.00000
 2.44310  4.49451  0.00000
 2.44310  4.49451  0.00000
 2.44310  4.49451  0.00000
 2.44310  4.49451  0.00000
 2.44310  4.49451  0.00000
 2.44310  4.49451  0.00000
 2.44310  4.49451  0.00000
 2.44310  4.49451  0.00000
 2.44310  4.49451  0.00000
 2.44310  4.49451  0.00000
 2.44310  4.49451  0.00000
 2.76613  4.64170  0.00001
 2.76613  4.64170  0.00002
 2.76613  4.64170  0.00000
 2.76613  4.64170  0.00000
 2.76613  4.64170  0.00001
 2.76613  4.64170  0.00000
 2.76613  4.64170  0.00000
 2.76613  4.64170  0.00001
 2.76613  4.64170  0.00000
 2.76613  4.64170  0.00000
 2.76613  4.64170  0.00001
 2.76613  4.64170  0.00000
 3.13186  4.94882  0.00000
 3.13186  4.94882  0.00001
 3.13186  4.89021  0.00000
 3.13186  4.94882  0.00000
 3.13186  4.94882  0.00001
 3.13186  4.89021  0.00000
 3.13186  4.94882  0.00000
 3.13186  4.94882  0.00001
 3.13186  4.89021  0.00000
 3.13186  4.94882  0.00000
 3.13186  4.94882  0.00000
 3.13186  4.89021  0.00000
 3.54595  5.12847  0.00001
 3.54595  5.12847  0.00001
 3.54595  5.12847  0.00002
 3.54595  5.12847  0.00000
 3.54595  5.12847  0.00001
 3.54595  5.12847  0.00001
 3.54595  5.12847  0.00000
 3.54595  5.12847  0.00000
 3.54595  5.12847  0.00001
 3.54595  5.12847  0.00000
 3.54595  5.12847  0.00000
 3.54595  5.12847  0.00001
 4.01480  5.53870  0.00001
 4.01480  5.53870  0.00001
 4.01480  5.53870  0.00001
 4.01480  5.53870  0.00001
 4.01480  5.53870  0.00001
 4.01480  5.53870  0.00001
 4.01480  5.53870  0.00001
 4.01480  5.53870  0.00001
 5.14665  6.90500  0.00001
 5.14665  6.90500  0.00002
 5.14665  6.90500  0.00000
 5.14665  6.90500  0.00001
 5.14665  6.90500  0.00000
 5.14665  6.90500  0.00001
 5.14665  6.90500  0.00000
 5.14665  6.90500  0.00001
 0.33501  0.65166  0.00000
 0.33501  0.64177  0.00005
 0.33501  0.64177  0.00075
 0.33501  0.64177  0.00162
 0.33501  0.63187  0.00049
 0.33501  0.65166  0.00000
 0.33501  0.64177  0.00003
 0.33501  0.64177  0.00051
 0.33501  0.63187  0.00110
 0.33501  0.63187  0.00033
 0.33501  0.65166  0.00000
 0.33501  0.64177  0.00003
 0.33501  0.64177  0.00045
 0.33501  0.63187  0.00099
 0.33501  0.63187  0.00030
 0.37930  0.67617  0.00000
 0.37930  0.67617  0.00004
 0.37930  0.67617  0.00030
 0.37930  0.66627  0.00081
 0.37930  0.66627  0.00053
 0.37930  0.67617  0.00000
 0.37930  0.67617  0.00002
 0.37930  0.67617  0.00021
 0.37930  0.66627  0.00054
 0.37930  0.66627  0.00035
 0.37930  0.67617  0.00000
 0.37930  0.67617  0.00002
 0.37930  0.67617  0.00018
 0.37930  0.66627  0.00048
 0.37930  0.66627  0.00031
 0.42945  0.69663  0.00000
 0.42945  0.69663  0.00022
 0.42945  0.69663  0.00255
 0.42945  0.69663  0.00320
 0.42945  0.69663  0.00062
 0.42945  0.69663  0.00000
 0.42945  0.69663  0.00014
 0.42945  0.69663  0.00162
 0.42945  0.69663  0.00206
 0.42945  0.69663  0.00040
 0.42945  0.69663  0.00000
 0.42945  0.69663  0.00012
 0.42945  0.69663  0.00141
 0.42945  0.69663  0.00179
 0.42945  0.69663  0.00035
 0.48624  0.76331  0.00000
 0.48624  0.76331  0.00004
 0.48624  0.75341  0.00124
 0.48624  0.75341  0.00347
 0.48624  0.75341  0.00117
 0.48624  0.76331  0.00000
 0.48624  0.76331  0.00002
 0.48624  0.75341  0.00079
 0.48624  0.75341  0.00223
 0.48624  0.75341  0.00075
 0.48624  0.75341  0.00002
 0.48624  0.75341  0.00069
 0.48624  0.75341  0.00193
 0.48624  0.75341  0.00066
 0.55053  0.80781  0.00000
 0.55053  0.80781  0.00001
 0.55053  0.80781  0.00015
 0.55053  0.80781  0.00074
 0.55053  0.80781  0.00066
 0.55053  0.80781  0.00000
 0.55053  0.80781  0.00001
 0.55053  0.80781  0.00010
 0.55053  0.80781  0.00048
 0.55053  0.80781  0.00043
 0.55053  0.80781  0.00042
 0.55053  0.80781  0.00037
 0.62332  0.86081  0.00000
 0.62332  0.86081  0.00001
 0.62332  0.86081  0.00054
 0.62332  0.86081  0.00239
 0.62332  0.86081  0.00115
 0.62332  0.86081  0.00000
 0.62332  0.86081  0.00000
 0.62332  0.86081  0.00034
 0.62332  0.86081  0.00152
 0.62332  0.86081  0.00073
 0.70573  0.94322  0.00000
 0.70573  0.94322  0.00000
 0.70573  0.94322  0.00003
 0.70573  0.94322  0.00000
 0.70573  0.94322  0.00000
 0.70573  1.37862  0.00000
 0.70573  1.37862  0.00002
 0.70573  1.37862  0.00016
 0.70573  1.37862  0.00023
 0.70573  1.37862  0.00000
 0.70573  1.37862  0.00000
 0.70573  1.37862  0.00001
 0.70573  1.37862  0.00010
 0.70573  1.37862  0.00015
 0.79904  1.47193  0.00000
 0.79904  1.47193  0.00000
 0.79904  1.47193  0.00005
 0.79904  1.47193  0.00056
 0.79904  1.47193  0.00071
 0.79904  1.47193  0.00000
 0.79904  1.47193  0.00000
 0.79904  1.47193  0.00003
 0.79904  1.47193  0.00035
 0.79904  1.43235  0.00045
 0.79904  1.47193  0.00000
 0.79904  1.47193  0.00000
 0.79904  1.47193  0.00003
 0.79904  1.47193  0.00030
 0.79904  1.43235  0.00038
 0.90469  1.53800  0.00000
 0.90469  1.53800  0.00000
 0.90469  1.53800  0.00001
 0.90469  1.53800  0.00011
 0.90469  1.53800  0.00022
 0.90469  1.53800  0.00000
 0.90469  1.53800  0.00000
 0.90469  1.53800  0.00000
 0.90469  1.53800  0.00007
 0.90469  1.53800  0.00014
 0.90469  1.53800  0.00000
 0.90469  1.53800  0.00000
 0.90469  1.53800  0.00000
 0.90469  1.53800  0.00006
 0.90469  1.53800  0.00012
 1.02430  1.61803  0.00000
 1.02430  1.61803  0.00000
 1.02430  1.61803  0.00000
 1.02430  1.61803  0.00001
 1.02430  1.61803  0.00005
 1.02430  1.61803  0.00000
 1.02430  1.61803  0.00000
 1.02430  1.61803  0.00000
 1.02430  1.61803  0.00001
 1.02430  1.61803  0.00003
 1.02430  1.61803  0.00000
 1.02430  1.61803  0.00000
 1.02430  1.61803  0.00000
 1.02430  1.61803  0.00000
 1.02430  1.61803  0.00003
 1.02430  2.01239  0.00000
 1.02430  2.01239  0.00000
 1.02430  2.01239  0.00000
 1.02430  2.01239  0.00001
 1.02430  2.01239  0.00005
 1.02430  2.01239  0.00000
 1.02430  2.01239  0.00000
 1.02430  2.01239  0.00000
 1.02430  2.01239  0.00000
 1.02430  2.01239  0.00003
 1.02430  2.01239  0.00000
 1.02430  2.01239  0.00000
 1.02430  2.01239  0.00000
 1.02430  2.01239  0.00000
 1.02430  2.01239  0.00003
 1.02430  2.01239  0.00000
 1.02430  2.01239  0.00000
 1.02430  2.01239  0.00000
 1.02430  2.01239  0.00000
 1.02430  2.01239  0.00002
 1.15974  1.71388  0.00000
 1.15974  1.71388  0.00000
 1.15974  1.71388  0.00000
 1.15974  1.71388  0.00000
 1.15974  1.71388  0.00000
 1.15974  1.71388  0.00000
 1.15974  1.71388  0.00000
 1.15974  1.71388  0.00000
 1.15974  1.71388  0.00000
 1.15974  1.71388  0.00000
 1.15974  1.71388  0.00000
 1.15974  1.71388  0.00000
 1.15974  1.71388  0.00000
 1.15974  1.71388  0.00000
 1.15974  1.71388  0.00000
 1.15974  1.71388  0.00000
 1.15974  1.71388  0.00000
 1.15974  1.71388  0.00000
 1.15974  1.71388  0.00000
 1.15974  1.71388  0.00000
 1.15974  2.11959  0.00000
 1.15974  2.11959  0.00000
 1.15974  2.11959  0.00000
 1.15974  2.11959  0.00000
 1.15974  2.09136  0.00000
 1.15974  2.11959  0.00000
 1.15974  2.11959  0.00000
 1.15974  2.11959  0.00000
 1.15974  2.11959  0.00000
 1.15974  2.09136  0.00000
 1.15974  2.11959  0.00000
 1.15974  2.11959  0.00000
 1.15974  2.11959  0.00000
 1.15974  2.11959  0.00000
 1.15974  2.09136  0.00000
 1.15974  2.11959  0.00000
 1.15974  2.11959  0.00000
 1.15974  2.11959  0.00000
 1.15974  2.11959  0.00000
 1.15974  2.09136  0.00000
 1.31308  1.82764  0.00000
 1.31308  1.82764  0.00000
 1.31308  1.82764  0.00000
 1.31308  1.82764  0.00000
 1.31308  1.82764  0.00000
 1.31308  1.82764  0.00000
 1.31308  1.82764  0.00000
 1.31308  1.82764  0.00000
 1.31308  1.82764  0.00000
 1.31308  1.82764  0.00000
 1.31308  1.82764  0.00000
 1.31308  1.82764  0.00000
 1.31308  1.82764  0.00000
 1.31308  1.82764  0.00000
 1.31308  1.82764  0.00000
 1.31308  1.82764  0.00000
 1.31308  1.82764  0.00000
 1.31308  1.82764  0.00000
 1.31308  1.82764  0.00000
 1.31308  1.82764  0.00000
 1.31308  2.18824  0.00000
 1.31308  2.18824  0.00000
 1.31308  2.18824  0.00000
 1.31308  2.18824  0.00000
 1.31308  2.18824  0.00000
 1.31308  2.18824  0.00000
 1.31308  2.18824  0.00000
 1.31308  2.18824  0.00000
 1.31308  2.18824  0.00000
 1.31308  2.18824  0.00000
 1.31308  2.18824  0.00000
 1.31308  2.18824  0.00000
 1.31308  2.18824  0.00000
 1.31308  2.18824  0.00000
 1.31308  2.18824  0.00000
 1.31308  2.18824  0.00000
 1.31308  2.18824  0.00000
 1.31308  2.18824  0.00000
 1.31308  2.18824  0.00000
 1.31308  2.18824  0.00000
 1.48669  2.33362  0.00000
 1.48669  2.33362  0.00001
 1.48669  2.33362  0.00001
 1.48669  2.33362  0.00000
 1.48669  2.33362  0.00000
 1.48669  2.33362  0.00000
 1.48669  2.33362  0.00000
 1.48669  2.33362  0.00001
 1.48669  2.33362  0.00000
 1.48669  2.33362  0.00000
 1.48669  2.33362  0.00000
 1.48669  2.33362  0.00000
 1.48669  2.33362  0.00001
 1.48669  2.33362  0.00000
 1.48669  2.30539  0.00000
 1.48669  2.33362  0.00000
 1.48669  2.33362  0.00000
 1.48669  2.33362  0.00000
 1.48669  2.33362  0.00000
 1.48669  2.33362  0.00000
 1.68326  2.47373  0.00000
 1.68326  2.47373  0.00000
 1.68326  2.47373  0.00001
 1.68326  2.47373  0.00000
 1.68326  2.47373  0.00000
 1.68326  2.47373  0.00000
 1.68326  2.47373  0.00000
 1.68326  2.47373  0.00001
 1.68326  2.47373  0.00000
 1.68326  2.47373  0.00000
 1.68326  2.47373  0.00000
 1.68326  2.47373  0.00000
 1.68326  2.47373  0.00000
 1.68326  2.47373  0.00000
 1.68326  2.47373  0.00000
 1.68326  2.47373  0.00000
 1.68326  2.47373  0.00000
 1.68326  2.47373  0.00000
 1.68326  2.47373  0.00000
 1.68326  2.47373  0.00000
 1.90582  2.63983  0.00000
 1.90582  2.63983  0.00000
 1.90582  2.63983  0.00001
 1.90582  2.63983  0.00001
 1.90582  2.63983  0.00000
 1.90582  2.63983  0.00000
 1.90582  2.63983  0.00000
 1.90582  2.63983  0.00001
 1.90582  2.63983  0.00000
 1.90582  2.63983  0.00000
 1.90582  2.63983  0.00000
 1.90582  2.63983  0.00000
 1.90582  2.63983  0.00001
 1.90582  2.63983  0.00000
 1.90582  2.63983  0.00000
 1.90582  2.63983  0.00000
 1.90582  2.63983  0.00000
 1.90582  2.63983  0.00000
 1.90582  2.63983  0.00000
 1.90582  2.63983  0.00000
 2.44310  4.54909  0.00000
 2.44310  4.54909  0.00000
 2.44310  4.54909  0.00001
 2.44310  4.54909  0.00000
 2.44310  4.54909  0.00000
 2.44310  4.54909  0.00000
 2.44310  4.54909  0.00001
 2.44310  4.54909  0.00000
 2.44310  4.54909  0.00000
 2.44310  4.54909  0.00000
 2.44310  4.54909  0.00000
 2.44310  4.54909  0.00000
 2.44310  4.54909  0.00000
 2.44310  4.54909  0.00000
 2.44310  4.54909  0.00000
 2.44310  4.54909  0.00000
 2.76613  4.63811  0.00000
 2.76613  4.63811  0.00001
 2.76613  4.63811  0.00001
 2.76613  4.57961  0.00001
 2.76613  4.63811  0.00000
 2.76613  4.63811  0.00000
 2.76613  4.63811  0.00001
 2.76613  4.57961  0.00000
 2.76613  4.63811  0.00000
 2.76613  4.63811  0.00000
 2.76613  4.63811  0.00001
 2.76613  4.57961  0.00000
 2.76613  4.63811  0.00000
 2.76613  4.63811  0.00000
 2.76613  4.63811  0.00001
 2.76613  4.57961  0.00000
 3.13186  4.88685  0.00001
 3.13186  4.88685  0.00001
 3.13186  4.88685  0.00001
 3.13186  4.88685  0.00000
 3.13186  4.88685  0.00001
 3.13186  4.88685  0.00000
 3.13186  4.88685  0.00000
 3.13186  4.88685  0.00001
 3.13186  4.88685  0.00000
 3.13186  4.88685  0.00000
 3.13186  4.88685  0.00001
 3.13186  4.88685  0.00000
 3.54595  5.12544  0.00000
 3.54595  5.12544  0.00001
 3.54595  5.12544  0.00001
 3.54595  5.12544  0.00000
 3.54595  5.12544  0.00001
 3.54595  5.12544  0.00001
 3.54595  5.12544  0.00000
 3.54595  5.12544  0.00001
 3.54595  5.12544  0.00001
 3.54595  5.12544  0.00000
 3.54595  5.12544  0.00000
 3.54595  5.12544  0.00000
 4.01480  5.53578  0.00000
 4.01480  5.53578  0.00001
 4.01480  5.53578  0.00002
 4.01480  5.53578  0.00000
 4.01480  5.53578  0.00001
 4.01480  5.53578  0.00001
 4.01480  5.53578  0.00000
 4.01480  5.53578  0.00001
 4.01480  5.53578  0.00001
 4.01480  5.53578  0.00000
 4.01480  5.53578  0.00000
 4.01480  5.53578  0.00001
 5.14665  6.90163  0.00001
 5.14665  6.90163  0.00002
 5.14665  6.90163  0.00000
 5.14665  6.90163  0.00001
 5.14665  6.90163  0.00000
 5.14665  6.90163  0.00001
 5.14665  6.90163  0.00000
 5.14665  6.90163  0.00001
 1.20397  1.76025  0.00000
 1.18740  1.76296  0.00000
 1.18740  1.76296  0.00008
 1.14348  1.74190  0.00002
 0.33501  0.65666  0.00217
 0.33501  0.65666  0.00033
 0.33501  0.65666  0.00148
 0.33501  0.65666  0.00022
 0.33501  0.65666  0.00133
 0.33501  0.65666  0.00020
 1.21399  1.78102  0.00000
 1.18260  1.72540  0.00025
 1.16690  1.72540  0.00117
 0.37930  0.71070  0.00000
 0.37930  0.71070  0.00015
 0.37930  0.70096  0.00205
 0.37930  0.69121  0.00368
 0.37930  0.68146  0.00079
 0.37930  0.71070  0.00000
 0.37930  0.71070  0.00010
 0.37930  0.70096  0.00140
 0.37930  0.69121  0.00250
 0.37930  0.68146  0.00054
 0.37930  0.68146  0.00048
 1.21120  1.74189  0.00000
 1.21120  1.74189  0.00005
 1.16411  1.71408  0.00078
 0.42945  0.74136  0.00014
 0.42945  0.73161  0.00109
 0.42945  0.73161  0.00143
 0.42945  0.72187  0.00058
 0.42945  0.73161  0.00069
 0.42945  0.73161  0.00092
 0.42945  0.72187  0.00038
 1.19856  1.73643  0.00005
 1.19856  1.73643  0.00039
 1.19856  1.73643  0.00053
 0.48624  0.78840  0.00000
 0.48624  0.78840  0.00022
 0.48624  0.76890  0.00235
 0.48624  0.76890  0.00428
 0.48624  0.75915  0.00149
 0.48624  0.76890  0.00276
 0.48624  0.75915  0.00097
 0.55053  0.83319  0.00000
 0.55053  0.83319  0.00002
 0.55053  0.81370  0.00012
 0.55053  0.81370  0.00010
 0.55053  0.81370  0.00022
 0.55053  0.81370  0.00015
 0.62332  0.88649  0.00000
 0.62332  0.88649  0.00006
 0.62332  0.86699  0.00100
 0.62332  0.86699  0.00190
 0.62332  0.86699  0.00066
 0.70573  0.94941  0.00000
 0.70573  0.94941  0.00003
 0.70573  0.94941  0.00000
 0.70573  0.94941  0.00002
 0.70573  1.40752  0.00002
 0.70573  1.40752  0.00039
 0.70573  1.40752  0.00122
 0.70573  1.40752  0.00060
 0.70573  1.40752  0.00001
 0.70573  1.40752  0.00025
 0.70573  1.40752  0.00078
 0.70573  1.40752  0.00038
 0.79904  1.50083  0.00000
 0.79904  1.46184  0.00001
 0.79904  1.46184  0.00033
 0.79904  1.46184  0.00116
 0.79904  1.46184  0.00094
 0.79904  1.50083  0.00000
 0.79904  1.46184  0.00001
 0.79904  1.46184  0.00021
 0.79904  1.46184  0.00073
 0.79904  1.46184  0.00060
 0.79904  1.50083  0.00000
 0.79904  1.46184  0.00001
 0.79904  1.46184  0.00018
 0.79904  1.46184  0.00063
 0.79904  1.46184  0.00052
 0.90469  1.56749  0.00000
 0.90469  1.52850  0.00000
 0.90469  1.52850  0.00004
 0.90469  1.52850  0.00031
 0.90469  1.52850  0.00029
 0.90469  1.56749  0.00000
 0.90469  1.52850  0.00000
 0.90469  1.52850  0.00003
 0.90469  1.52850  0.00020
 0.90469  1.52850  0.00018
 0.90469  1.56749  0.00000
 0.90469  1.52850  0.00000
 0.90469  1.52850  0.00002
 0.90469  1.52850  0.00017
 0.90469  1.52850  0.00016
 1.02430  1.60913  0.00000
 1.02430  1.60913  0.00000
 1.02430  1.60913  0.00001
 1.02430  1.60913  0.00005
 1.02430  1.60913  0.00009
 1.02430  1.60913  0.00000
 1.02430  1.60913  0.00000
 1.02430  1.60913  0.00001
 1.02430  1.60913  0.00003
 1.02430  1.60913  0.00005
 1.02430  1.60913  0.00000
 1.02430  1.60913  0.00000
 1.02430  1.60913  0.00000
 1.02430  1.60913  0.00003
 1.02430  1.60913  0.00005
 1.02430  1.99758  0.00001
 1.02430  1.99758  0.00005
 1.02430  1.99758  0.00008
 1.02430  1.99758  0.00000
 1.02430  1.99758  0.00003
 1.02430  1.99758  0.00005
 1.02430  1.99758  0.00000
 1.02430  1.99758  0.00003
 1.02430  1.99758  0.00004
 1.02430  1.99758  0.00000
 1.02430  1.99758  0.00002
 1.02430  1.99758  0.00003
 1.15974  1.70557  0.00000
 1.15974  1.70557  0.00001
 1.15974  1.70557  0.00001
 1.15974  1.70557  0.00000
 1.15974  1.70557  0.00000
 1.15974  1.70557  0.00000
 1.15974  1.70557  0.00000
 1.15974  1.70557  0.00001
 1.15974  1.70557  0.00000
 1.15974  1.70557  0.00000
 1.15974  1.70557  0.00000
 1.15974  1.70557  0.00000
 1.15974  1.70557  0.00000
 1.15974  1.70557  0.00000
 1.15974  1.70557  0.00000
 1.15974  1.70557  0.00000
 1.15974  1.70557  0.00000
 1.15974  1.70557  0.00000
 1.15974  1.70557  0.00000
 1.15974  1.70557  0.00000
 1.15974  2.16082  0.00000
 1.15974  2.16082  0.00001
 1.15974  2.10521  0.00001
 1.15974  2.10521  0.00000
 1.15974  2.10521  0.00000
 1.15974  2.16082  0.00000
 1.15974  2.16082  0.00000
 1.15974  2.10521  0.00000
 1.15974  2.10521  0.00000
 1.15974  2.10521  0.00000
 1.15974  2.16082  0.00000
 1.15974  2.16082  0.00000
 1.15974  2.10521  0.00000
 1.15974  2.10521  0.00000
 1.15974  2.10521  0.00000
 1.15974  2.16082  0.00000
 1.15974  2.16082  0.00000
 1.15974  2.10521  0.00000
 1.15974  2.10521  0.00000
 1.15974  2.10521  0.00000
 1.31308  1.81993  0.00000
 1.31308  1.81993  0.00000
 1.31308  1.81993  0.00001
 1.31308  1.81993  0.00000
 1.31308  1.81993  0.00000
 1.31308  1.81993  0.00000
 1.31308  1.81993  0.00000
 1.31308  1.81993  0.00001
 1.31308  1.81993  0.00000
 1.31308  1.81993  0.00000
 1.31308  1.81993  0.00000
 1.31308  1.81993  0.00000
 1.31308  1.81993  0.00001
 1.31308  1.81993  0.00000
 1.31308  1.81993  0.00000
 1.31308  1.81993  0.00000
 1.31308  1.81993  0.00000
 1.31308  1.81993  0.00000
 1.31308  1.81993  0.00000
 1.31308  1.81993  0.00000
 1.31308  2.25855  0.00000
 1.31308  2.17512  0.00000
 1.31308  2.17512  0.00001
 1.31308  2.17512  0.00000
 1.31308  2.17512  0.00000
 1.31308  2.25855  0.00000
 1.31308  2.17512  0.00000
 1.31308  2.17512  0.00001
 1.31308  2.17512  0.00000
 1.31308  2.17512  0.00000
 1.31308  2.25855  0.00000
 1.31308  2.17512  0.00000
 1.31308  2.17512  0.00001
 1.31308  2.17512  0.00000
 1.31308  2.17512  0.00000
 1.31308  2.25855  0.00000
 1.31308  2.17512  0.00000
 1.31308  2.17512  0.00000
 1.31308  2.17512  0.00000
 1.31308  2.17512  0.00000
 1.48669  2.32093  0.00000
 1.48669  2.32093  0.00000
 1.48669  2.32093  0.00001
 1.48669  2.32093  0.00000
 1.48669  2.29312  0.00000
 1.48669  2.32093  0.00000
 1.48669  2.32093  0.00000
 1.48669  2.32093  0.00001
 1.48669  2.32093  0.00000
 1.48669  2.29312  0.00000
 1.48669  2.32093  0.00000
 1.48669  2.32093  0.00000
 1.48669  2.32093  0.00001
 1.48669  2.32093  0.00000
 1.48669  2.29312  0.00000
 1.48669  2.32093  0.00000
 1.48669  2.32093  0.00000
 1.48669  2.32093  0.00000
 1.48669  2.32093  0.00000
 1.48669  2.29312  0.00000
 1.68326  2.46188  0.00000
 1.68326  2.46188  0.00000
 1.68326  2.43407  0.00002
 1.68326  2.43407  0.00001
 1.68326  2.43407  0.00000
 1.68326  2.46188  0.00000
 1.68326  2.46188  0.00000
 1.68326  2.43407  0.00001
 1.68326  2.43407  0.00001
 1.68326  2.43407  0.00000
 1.68326  2.46188  0.00000
 1.68326  2.46188  0.00000
 1.68326  2.43407  0.00001
 1.68326  2.43407  0.00001
 1.68326  2.43407  0.00000
 1.68326  2.46188  0.00000
 1.68326  2.46188  0.00000
 1.68326  2.43407  0.00001
 1.68326  2.43407  0.00000
 1.68326  2.43407  0.00000
 1.90582  2.62882  0.00000
 1.90582  2.62882  0.00000
 1.90582  2.62882  0.00001
 1.90582  2.62882  0.00001
 1.90582  2.62882  0.00000
 1.90582  2.62882  0.00000
 1.90582  2.62882  0.00000
 1.90582  2.62882  0.00001
 1.90582  2.62882  0.00001
 1.90582  2.62882  0.00000
 1.90582  2.62882  0.00000
 1.90582  2.62882  0.00000
 1.90582  2.62882  0.00001
 1.90582  2.62882  0.00001
 1.90582  2.62882  0.00000
 1.90582  2.62882  0.00000
 1.90582  2.62882  0.00000
 1.90582  2.62882  0.00000
 1.90582  2.62882  0.00000
 1.90582  2.62882  0.00000
 2.15780  4.28984  0.00000
 2.15780  4.28984  0.00001
 2.15780  4.28984  0.00001
 2.15780  4.28984  0.00000
 2.15780  4.28984  0.00000
 2.15780  4.28984  0.00001
 2.15780  4.28984  0.00001
 2.15780  4.28984  0.00000
 2.15780  4.28984  0.00000
 2.15780  4.28984  0.00001
 2.15780  4.28984  0.00001
 2.15780  4.28984  0.00000
 2.15780  4.28984  0.00000
 2.15780  4.28984  0.00000
 2.15780  4.28984  0.00000
 2.15780  4.28984  0.00000
 2.44310  4.45989  0.00000
 2.44310  4.45989  0.00001
 2.44310  4.40227  0.00001
 2.44310  4.40227  0.00000
 2.44310  4.45989  0.00000
 2.44310  4.45989  0.00001
 2.44310  4.40227  0.00001
 2.44310  4.40227  0.00000
 2.44310  4.45989  0.00000
 2.44310  4.45989  0.00001
 2.44310  4.40227  0.00001
 2.44310  4.40227  0.00000
 2.44310  4.45989  0.00000
 2.44310  4.45989  0.00000
 2.44310  4.40227  0.00001
 2.44310  4.40227  0.00000
52.34744 94.06584  0.00000
52.34744 94.06584  0.00000
52.34744 94.06584  0.00000
52.34744 94.06584  0.00000
 2.76613  4.55243  0.00000
 2.76613  4.55243  0.00001
 2.76613  4.55243  0.00001
 2.76613  4.55243  0.00000
 2.76613  4.55243  0.00000
 2.76613  4.55243  0.00000
 2.76613  4.55243  0.00001
 2.76613  4.55243  0.00000
 2.76613  4.55243  0.00000
 2.76613  4.55243  0.00000
 2.76613  4.55243  0.00001
 2.76613  4.55243  0.00000
 2.76613  4.55243  0.00000
 2.76613  4.55243  0.00000
 2.76613  4.55243  0.00000
 2.76613  4.55243  0.00000
52.67046 91.69408  0.00000
52.67046 91.69408  0.00000
52.67046 91.69408  0.00000
52.67046 91.69408  0.00000
 3.13186  4.86054  0.00000
 3.13186  4.86054  0.00001
 3.13186  4.86054  0.00001
 3.13186  4.86054  0.00001
 3.13186  4.86054  0.00000
 3.13186  4.86054  0.00000
 3.13186  4.86054  0.00001
 3.13186  4.86054  0.00000
 3.13186  4.86054  0.00000
 3.13186  4.86054  0.00000
 3.13186  4.86054  0.00001
 3.13186  4.86054  0.00000
 3.13186  4.86054  0.00000
 3.13186  4.86054  0.00000
 3.13186  4.86054  0.00001
 3.13186  4.86054  0.00000
53.03620 97.44938  0.00000
53.03620 97.44938  0.00000
53.03620 97.44938  0.00000
53.03620 97.44938  0.00000
 3.54595  5.10176  0.00001
 3.54595  5.10176  0.00002
 3.54595  5.10176  0.00001
 3.54595  5.10176  0.00000
 3.54595  5.10176  0.00001
 3.54595  5.10176  0.00001
 3.54595  5.10176  0.00000
 3.54595  5.10176  0.00001
 3.54595  5.10176  0.00001
 3.54595  5.10176  0.00000
 3.54595  5.10176  0.00001
 3.54595  5.10176  0.00000
 4.01480  5.51298  0.00000
 4.01480  5.51298  0.00001
 4.01480  5.51298  0.00001
 4.01480  5.51298  0.00000
 4.01480  5.51298  0.00001
 4.01480  5.51298  0.00000
 4.01480  5.51298  0.00000
 4.01480  5.51298  0.00001
 4.01480  5.51298  0.00000
 4.01480  5.51298  0.00000
 4.01480  5.51298  0.00000
 4.01480  5.51298  0.00000
